stamp,user_acceleration_x_1,user_acceleration_y_1,user_acceleration_z_1,rotation_rate_x_1,rotation_rate_y_1,rotation_rate_z_1,distance_from_home_1,bearing_from_home_1,user_acceleration_x_2,user_acceleration_y_2,user_acceleration_z_2,rotation_rate_x_2,rotation_rate_y_2,rotation_rate_z_2,distance_from_home_2,bearing_from_home_2,user_acceleration_x_3,user_acceleration_y_3,user_acceleration_z_3,rotation_rate_x_3,rotation_rate_y_3,rotation_rate_z_3,distance_from_home_3,bearing_from_home_3,user_acceleration_x_4,user_acceleration_y_4,user_acceleration_z_4,rotation_rate_x_4,rotation_rate_y_4,rotation_rate_z_4,distance_from_home_4,bearing_from_home_4,user_acceleration_x_5,user_acceleration_y_5,user_acceleration_z_5,rotation_rate_x_5,rotation_rate_y_5,rotation_rate_z_5,distance_from_home_5,bearing_from_home_5,user_acceleration_x_6,user_acceleration_y_6,user_acceleration_z_6,rotation_rate_x_6,rotation_rate_y_6,rotation_rate_z_6,distance_from_home_6,bearing_from_home_6,user_acceleration_x_7,user_acceleration_y_7,user_acceleration_z_7,rotation_rate_x_7,rotation_rate_y_7,rotation_rate_z_7,distance_from_home_7,bearing_from_home_7,user_acceleration_x_8,user_acceleration_y_8,user_acceleration_z_8,rotation_rate_x_8,rotation_rate_y_8,rotation_rate_z_8,distance_from_home_8,bearing_from_home_8,user_acceleration_x_9,user_acceleration_y_9,user_acceleration_z_9,rotation_rate_x_9,rotation_rate_y_9,rotation_rate_z_9,distance_from_home_9,bearing_from_home_9,user_acceleration_x_10,user_acceleration_y_10,user_acceleration_z_10,rotation_rate_x_10,rotation_rate_y_10,rotation_rate_z_10,distance_from_home_10,bearing_from_home_10,user_acceleration_x_11,user_acceleration_y_11,user_acceleration_z_11,rotation_rate_x_11,rotation_rate_y_11,rotation_rate_z_11,distance_from_home_11,bearing_from_home_11,user_acceleration_x_12,user_acceleration_y_12,user_acceleration_z_12,rotation_rate_x_12,rotation_rate_y_12,rotation_rate_z_12,distance_from_home_12,bearing_from_home_12,user_acceleration_x_13,user_acceleration_y_13,user_acceleration_z_13,rotation_rate_x_13,rotation_rate_y_13,rotation_rate_z_13,distance_from_home_13,bearing_from_home_13,user_acceleration_x_14,user_acceleration_y_14,user_acceleration_z_14,rotation_rate_x_14,rotation_rate_y_14,rotation_rate_z_14,distance_from_home_14,bearing_from_home_14,user_acceleration_x_15,user_acceleration_y_15,user_acceleration_z_15,rotation_rate_x_15,rotation_rate_y_15,rotation_rate_z_15,distance_from_home_15,bearing_from_home_15,user_acceleration_x_16,user_acceleration_y_16,user_acceleration_z_16,rotation_rate_x_16,rotation_rate_y_16,rotation_rate_z_16,distance_from_home_16,bearing_from_home_16,user_acceleration_x_17,user_acceleration_y_17,user_acceleration_z_17,rotation_rate_x_17,rotation_rate_y_17,rotation_rate_z_17,distance_from_home_17,bearing_from_home_17,user_acceleration_x_18,user_acceleration_y_18,user_acceleration_z_18,rotation_rate_x_18,rotation_rate_y_18,rotation_rate_z_18,distance_from_home_18,bearing_from_home_18,user_acceleration_x_19,user_acceleration_y_19,user_acceleration_z_19,rotation_rate_x_19,rotation_rate_y_19,rotation_rate_z_19,distance_from_home_19,bearing_from_home_19,user_acceleration_x_20,user_acceleration_y_20,user_acceleration_z_20,rotation_rate_x_20,rotation_rate_y_20,rotation_rate_z_20,distance_from_home_20,bearing_from_home_20,user_acceleration_x_21,user_acceleration_y_21,user_acceleration_z_21,rotation_rate_x_21,rotation_rate_y_21,rotation_rate_z_21,distance_from_home_21,bearing_from_home_21,user_acceleration_x_22,user_acceleration_y_22,user_acceleration_z_22,rotation_rate_x_22,rotation_rate_y_22,rotation_rate_z_22,distance_from_home_22,bearing_from_home_22,user_acceleration_x_23,user_acceleration_y_23,user_acceleration_z_23,rotation_rate_x_23,rotation_rate_y_23,rotation_rate_z_23,distance_from_home_23,bearing_from_home_23,user_acceleration_x_24,user_acceleration_y_24,user_acceleration_z_24,rotation_rate_x_24,rotation_rate_y_24,rotation_rate_z_24,distance_from_home_24,bearing_from_home_24,user_acceleration_x_25,user_acceleration_y_25,user_acceleration_z_25,rotation_rate_x_25,rotation_rate_y_25,rotation_rate_z_25,distance_from_home_25,bearing_from_home_25,user_acceleration_x_26,user_acceleration_y_26,user_acceleration_z_26,rotation_rate_x_26,rotation_rate_y_26,rotation_rate_z_26,distance_from_home_26,bearing_from_home_26,user_acceleration_x_27,user_acceleration_y_27,user_acceleration_z_27,rotation_rate_x_27,rotation_rate_y_27,rotation_rate_z_27,distance_from_home_27,bearing_from_home_27,user_acceleration_x_28,user_acceleration_y_28,user_acceleration_z_28,rotation_rate_x_28,rotation_rate_y_28,rotation_rate_z_28,distance_from_home_28,bearing_from_home_28,user_acceleration_x_29,user_acceleration_y_29,user_acceleration_z_29,rotation_rate_x_29,rotation_rate_y_29,rotation_rate_z_29,distance_from_home_29,bearing_from_home_29,user_acceleration_x_30,user_acceleration_y_30,user_acceleration_z_30,rotation_rate_x_30,rotation_rate_y_30,rotation_rate_z_30,distance_from_home_30,bearing_from_home_30,user_acceleration_x_31,user_acceleration_y_31,user_acceleration_z_31,rotation_rate_x_31,rotation_rate_y_31,rotation_rate_z_31,distance_from_home_31,bearing_from_home_31,user_acceleration_x_32,user_acceleration_y_32,user_acceleration_z_32,rotation_rate_x_32,rotation_rate_y_32,rotation_rate_z_32,distance_from_home_32,bearing_from_home_32,user_acceleration_x_33,user_acceleration_y_33,user_acceleration_z_33,rotation_rate_x_33,rotation_rate_y_33,rotation_rate_z_33,distance_from_home_33,bearing_from_home_33,user_acceleration_x_34,user_acceleration_y_34,user_acceleration_z_34,rotation_rate_x_34,rotation_rate_y_34,rotation_rate_z_34,distance_from_home_34,bearing_from_home_34,user_acceleration_x_35,user_acceleration_y_35,user_acceleration_z_35,rotation_rate_x_35,rotation_rate_y_35,rotation_rate_z_35,distance_from_home_35,bearing_from_home_35,user_acceleration_x_36,user_acceleration_y_36,user_acceleration_z_36,rotation_rate_x_36,rotation_rate_y_36,rotation_rate_z_36,distance_from_home_36,bearing_from_home_36,user_acceleration_x_37,user_acceleration_y_37,user_acceleration_z_37,rotation_rate_x_37,rotation_rate_y_37,rotation_rate_z_37,distance_from_home_37,bearing_from_home_37,user_acceleration_x_38,user_acceleration_y_38,user_acceleration_z_38,rotation_rate_x_38,rotation_rate_y_38,rotation_rate_z_38,distance_from_home_38,bearing_from_home_38,user_acceleration_x_39,user_acceleration_y_39,user_acceleration_z_39,rotation_rate_x_39,rotation_rate_y_39,rotation_rate_z_39,distance_from_home_39,bearing_from_home_39,user_acceleration_x_40,user_acceleration_y_40,user_acceleration_z_40,rotation_rate_x_40,rotation_rate_y_40,rotation_rate_z_40,distance_from_home_40,bearing_from_home_40,user_acceleration_x_41,user_acceleration_y_41,user_acceleration_z_41,rotation_rate_x_41,rotation_rate_y_41,rotation_rate_z_41,distance_from_home_41,bearing_from_home_41,user_acceleration_x_42,user_acceleration_y_42,user_acceleration_z_42,rotation_rate_x_42,rotation_rate_y_42,rotation_rate_z_42,distance_from_home_42,bearing_from_home_42,user_acceleration_x_43,user_acceleration_y_43,user_acceleration_z_43,rotation_rate_x_43,rotation_rate_y_43,rotation_rate_z_43,distance_from_home_43,bearing_from_home_43,user_acceleration_x_44,user_acceleration_y_44,user_acceleration_z_44,rotation_rate_x_44,rotation_rate_y_44,rotation_rate_z_44,distance_from_home_44,bearing_from_home_44,user_acceleration_x_45,user_acceleration_y_45,user_acceleration_z_45,rotation_rate_x_45,rotation_rate_y_45,rotation_rate_z_45,distance_from_home_45,bearing_from_home_45,user_acceleration_x_46,user_acceleration_y_46,user_acceleration_z_46,rotation_rate_x_46,rotation_rate_y_46,rotation_rate_z_46,distance_from_home_46,bearing_from_home_46,user_acceleration_x_47,user_acceleration_y_47,user_acceleration_z_47,rotation_rate_x_47,rotation_rate_y_47,rotation_rate_z_47,distance_from_home_47,bearing_from_home_47,user_acceleration_x_48,user_acceleration_y_48,user_acceleration_z_48,rotation_rate_x_48,rotation_rate_y_48,rotation_rate_z_48,distance_from_home_48,bearing_from_home_48,user_acceleration_x_49,user_acceleration_y_49,user_acceleration_z_49,rotation_rate_x_49,rotation_rate_y_49,rotation_rate_z_49,distance_from_home_49,bearing_from_home_49,user_acceleration_x_50,user_acceleration_y_50,user_acceleration_z_50,rotation_rate_x_50,rotation_rate_y_50,rotation_rate_z_50,distance_from_home_50,bearing_from_home_50,user_acceleration_x_51,user_acceleration_y_51,user_acceleration_z_51,rotation_rate_x_51,rotation_rate_y_51,rotation_rate_z_51,distance_from_home_51,bearing_from_home_51,user_acceleration_x_52,user_acceleration_y_52,user_acceleration_z_52,rotation_rate_x_52,rotation_rate_y_52,rotation_rate_z_52,distance_from_home_52,bearing_from_home_52,user_acceleration_x_53,user_acceleration_y_53,user_acceleration_z_53,rotation_rate_x_53,rotation_rate_y_53,rotation_rate_z_53,distance_from_home_53,bearing_from_home_53,user_acceleration_x_54,user_acceleration_y_54,user_acceleration_z_54,rotation_rate_x_54,rotation_rate_y_54,rotation_rate_z_54,distance_from_home_54,bearing_from_home_54,user_acceleration_x_55,user_acceleration_y_55,user_acceleration_z_55,rotation_rate_x_55,rotation_rate_y_55,rotation_rate_z_55,distance_from_home_55,bearing_from_home_55,user_acceleration_x_56,user_acceleration_y_56,user_acceleration_z_56,rotation_rate_x_56,rotation_rate_y_56,rotation_rate_z_56,distance_from_home_56,bearing_from_home_56,user_acceleration_x_57,user_acceleration_y_57,user_acceleration_z_57,rotation_rate_x_57,rotation_rate_y_57,rotation_rate_z_57,distance_from_home_57,bearing_from_home_57,user_acceleration_x_58,user_acceleration_y_58,user_acceleration_z_58,rotation_rate_x_58,rotation_rate_y_58,rotation_rate_z_58,distance_from_home_58,bearing_from_home_58,user_acceleration_x_59,user_acceleration_y_59,user_acceleration_z_59,rotation_rate_x_59,rotation_rate_y_59,rotation_rate_z_59,distance_from_home_59,bearing_from_home_59,user_acceleration_x_60,user_acceleration_y_60,user_acceleration_z_60,rotation_rate_x_60,rotation_rate_y_60,rotation_rate_z_60,distance_from_home_60,bearing_from_home_60,user_acceleration_x_61,user_acceleration_y_61,user_acceleration_z_61,rotation_rate_x_61,rotation_rate_y_61,rotation_rate_z_61,distance_from_home_61,bearing_from_home_61,user_acceleration_x_62,user_acceleration_y_62,user_acceleration_z_62,rotation_rate_x_62,rotation_rate_y_62,rotation_rate_z_62,distance_from_home_62,bearing_from_home_62,user_acceleration_x_63,user_acceleration_y_63,user_acceleration_z_63,rotation_rate_x_63,rotation_rate_y_63,rotation_rate_z_63,distance_from_home_63,bearing_from_home_63,user_acceleration_x_64,user_acceleration_y_64,user_acceleration_z_64,rotation_rate_x_64,rotation_rate_y_64,rotation_rate_z_64,distance_from_home_64,bearing_from_home_64,user_acceleration_x_65,user_acceleration_y_65,user_acceleration_z_65,rotation_rate_x_65,rotation_rate_y_65,rotation_rate_z_65,distance_from_home_65,bearing_from_home_65,user_acceleration_x_66,user_acceleration_y_66,user_acceleration_z_66,rotation_rate_x_66,rotation_rate_y_66,rotation_rate_z_66,distance_from_home_66,bearing_from_home_66,user_acceleration_x_67,user_acceleration_y_67,user_acceleration_z_67,rotation_rate_x_67,rotation_rate_y_67,rotation_rate_z_67,distance_from_home_67,bearing_from_home_67,user_acceleration_x_68,user_acceleration_y_68,user_acceleration_z_68,rotation_rate_x_68,rotation_rate_y_68,rotation_rate_z_68,distance_from_home_68,bearing_from_home_68,user_acceleration_x_69,user_acceleration_y_69,user_acceleration_z_69,rotation_rate_x_69,rotation_rate_y_69,rotation_rate_z_69,distance_from_home_69,bearing_from_home_69,user_acceleration_x_70,user_acceleration_y_70,user_acceleration_z_70,rotation_rate_x_70,rotation_rate_y_70,rotation_rate_z_70,distance_from_home_70,bearing_from_home_70,user_acceleration_x_71,user_acceleration_y_71,user_acceleration_z_71,rotation_rate_x_71,rotation_rate_y_71,rotation_rate_z_71,distance_from_home_71,bearing_from_home_71,user_acceleration_x_72,user_acceleration_y_72,user_acceleration_z_72,rotation_rate_x_72,rotation_rate_y_72,rotation_rate_z_72,distance_from_home_72,bearing_from_home_72,user_acceleration_x_73,user_acceleration_y_73,user_acceleration_z_73,rotation_rate_x_73,rotation_rate_y_73,rotation_rate_z_73,distance_from_home_73,bearing_from_home_73,user_acceleration_x_74,user_acceleration_y_74,user_acceleration_z_74,rotation_rate_x_74,rotation_rate_y_74,rotation_rate_z_74,distance_from_home_74,bearing_from_home_74,user_acceleration_x_75,user_acceleration_y_75,user_acceleration_z_75,rotation_rate_x_75,rotation_rate_y_75,rotation_rate_z_75,distance_from_home_75,bearing_from_home_75,user_acceleration_x_76,user_acceleration_y_76,user_acceleration_z_76,rotation_rate_x_76,rotation_rate_y_76,rotation_rate_z_76,distance_from_home_76,bearing_from_home_76,user_acceleration_x_77,user_acceleration_y_77,user_acceleration_z_77,rotation_rate_x_77,rotation_rate_y_77,rotation_rate_z_77,distance_from_home_77,bearing_from_home_77,user_acceleration_x_78,user_acceleration_y_78,user_acceleration_z_78,rotation_rate_x_78,rotation_rate_y_78,rotation_rate_z_78,distance_from_home_78,bearing_from_home_78,user_acceleration_x_79,user_acceleration_y_79,user_acceleration_z_79,rotation_rate_x_79,rotation_rate_y_79,rotation_rate_z_79,distance_from_home_79,bearing_from_home_79,user_acceleration_x_80,user_acceleration_y_80,user_acceleration_z_80,rotation_rate_x_80,rotation_rate_y_80,rotation_rate_z_80,distance_from_home_80,bearing_from_home_80,user_acceleration_x_81,user_acceleration_y_81,user_acceleration_z_81,rotation_rate_x_81,rotation_rate_y_81,rotation_rate_z_81,distance_from_home_81,bearing_from_home_81,user_acceleration_x_82,user_acceleration_y_82,user_acceleration_z_82,rotation_rate_x_82,rotation_rate_y_82,rotation_rate_z_82,distance_from_home_82,bearing_from_home_82,user_acceleration_x_83,user_acceleration_y_83,user_acceleration_z_83,rotation_rate_x_83,rotation_rate_y_83,rotation_rate_z_83,distance_from_home_83,bearing_from_home_83,user_acceleration_x_84,user_acceleration_y_84,user_acceleration_z_84,rotation_rate_x_84,rotation_rate_y_84,rotation_rate_z_84,distance_from_home_84,bearing_from_home_84,user_acceleration_x_85,user_acceleration_y_85,user_acceleration_z_85,rotation_rate_x_85,rotation_rate_y_85,rotation_rate_z_85,distance_from_home_85,bearing_from_home_85,user_acceleration_x_86,user_acceleration_y_86,user_acceleration_z_86,rotation_rate_x_86,rotation_rate_y_86,rotation_rate_z_86,distance_from_home_86,bearing_from_home_86,user_acceleration_x_87,user_acceleration_y_87,user_acceleration_z_87,rotation_rate_x_87,rotation_rate_y_87,rotation_rate_z_87,distance_from_home_87,bearing_from_home_87,user_acceleration_x_88,user_acceleration_y_88,user_acceleration_z_88,rotation_rate_x_88,rotation_rate_y_88,rotation_rate_z_88,distance_from_home_88,bearing_from_home_88,user_acceleration_x_89,user_acceleration_y_89,user_acceleration_z_89,rotation_rate_x_89,rotation_rate_y_89,rotation_rate_z_89,distance_from_home_89,bearing_from_home_89,user_acceleration_x_90,user_acceleration_y_90,user_acceleration_z_90,rotation_rate_x_90,rotation_rate_y_90,rotation_rate_z_90,distance_from_home_90,bearing_from_home_90,user_acceleration_x_91,user_acceleration_y_91,user_acceleration_z_91,rotation_rate_x_91,rotation_rate_y_91,rotation_rate_z_91,distance_from_home_91,bearing_from_home_91,user_acceleration_x_92,user_acceleration_y_92,user_acceleration_z_92,rotation_rate_x_92,rotation_rate_y_92,rotation_rate_z_92,distance_from_home_92,bearing_from_home_92,user_acceleration_x_93,user_acceleration_y_93,user_acceleration_z_93,rotation_rate_x_93,rotation_rate_y_93,rotation_rate_z_93,distance_from_home_93,bearing_from_home_93,user_acceleration_x_94,user_acceleration_y_94,user_acceleration_z_94,rotation_rate_x_94,rotation_rate_y_94,rotation_rate_z_94,distance_from_home_94,bearing_from_home_94,user_acceleration_x_95,user_acceleration_y_95,user_acceleration_z_95,rotation_rate_x_95,rotation_rate_y_95,rotation_rate_z_95,distance_from_home_95,bearing_from_home_95,user_acceleration_x_96,user_acceleration_y_96,user_acceleration_z_96,rotation_rate_x_96,rotation_rate_y_96,rotation_rate_z_96,distance_from_home_96,bearing_from_home_96,user_acceleration_x_97,user_acceleration_y_97,user_acceleration_z_97,rotation_rate_x_97,rotation_rate_y_97,rotation_rate_z_97,distance_from_home_97,bearing_from_home_97,user_acceleration_x_98,user_acceleration_y_98,user_acceleration_z_98,rotation_rate_x_98,rotation_rate_y_98,rotation_rate_z_98,distance_from_home_98,bearing_from_home_98,user_acceleration_x_99,user_acceleration_y_99,user_acceleration_z_99,rotation_rate_x_99,rotation_rate_y_99,rotation_rate_z_99,distance_from_home_99,bearing_from_home_99,user_acceleration_x_100,user_acceleration_y_100,user_acceleration_z_100,rotation_rate_x_100,rotation_rate_y_100,rotation_rate_z_100,distance_from_home_100,bearing_from_home_100,activity_label
2023-02-17 16:39:49.991451,0.0371020436286926,-0.1752264499664306,0.1363240778446197,0.2046527862548828,0.4081043601036072,0.305519163608551,,,0.0746480822563171,-0.0057730376720428,-0.1200992465019226,-0.730790376663208,-0.1557669937610626,0.5886181592941284,,,0.1054438352584838,0.0505644977092742,-0.0799132287502288,-1.18214213848114,-0.8378528952598572,0.5592770576477051,,,0.0293207764625549,0.109662115573883,-0.0867577493190765,-1.141789436340332,-0.5623051524162292,0.499623954296112,,,-0.235834002494812,-0.0389911234378814,0.2268699407577514,-0.7279704809188843,-0.3249200880527496,-0.0142518505454063,,,-0.0296191573143005,-0.0132462084293365,0.0510092675685882,-0.1750409454107284,0.2207163721323013,-0.167070597410202,,,-0.0701580643653869,-0.0562023222446441,-0.2588956952095032,-0.7749555706977844,0.3809275925159454,0.0362336970865726,,,-0.2139938473701477,0.1823446154594421,-0.1751989126205444,1.047882318496704,0.3160010874271393,-0.1354732066392898,,,-0.0039445757865905,0.1385436058044433,0.051079511642456,0.6670991778373718,0.1880782693624496,-0.7299764752388,,,0.3180665373802185,0.106925755739212,-0.1092884242534637,1.1940497159957886,0.2650707960128784,-0.4199077188968658,,,-0.1401364803314209,-0.1423076689243316,-0.0532290041446685,0.5279693603515625,-0.1262993812561035,-0.1216123923659324,,,-0.0523056387901306,-0.0047038793563842,0.1705424189567566,0.3395530581474304,0.2589745223522186,0.1276877075433731,,,0.0160081386566162,0.0794210135936737,0.1722401678562164,0.7597767114639282,0.6392866969108582,0.1783899962902069,,,-0.0727879405021667,0.0750615000724792,0.0395998954772949,1.0259249210357666,0.532447874546051,-0.1318792402744293,,,0.1260018348693847,-0.1002525389194488,0.0328146964311599,0.2932664453983307,-0.0360147580504417,-0.1613663434982299,,,0.0247092247009277,-0.1031684875488281,-0.0307641923427581,-1.7083451747894287,-0.4852540791034698,0.6050909161567688,,,0.1312683820724487,0.1982859075069427,-0.1486562937498092,-1.239043116569519,-0.165569007396698,0.61795973777771,,,-0.0794195532798767,-0.0276267677545547,0.1444968730211258,0.0974220857024192,-0.1291676014661789,-0.2860789000988006,,,-0.0690227150917053,-0.2224562466144561,-0.0465577244758605,-1.2348326444625854,-0.3349202275276184,-0.2609067261219024,,,-0.1238515973091125,0.021585077047348,-0.0525842159986496,-0.552657961845398,-0.1658182889223098,0.231372594833374,,,-0.1753490567207336,0.0592823922634124,-0.1397591084241867,0.2241602689027786,0.2152552902698516,0.293717622756958,,,-0.0133196711540222,0.2337042391300201,-0.1983810067176818,0.0299531128257513,-0.1261752843856811,-0.3597190082073211,,,0.6192212104797363,0.1605252921581268,-0.027471899986267,1.162629246711731,-0.2841513156890869,-0.2792874574661255,,,-0.1321861147880554,-0.0878649353981018,0.215088665485382,0.4695384502410888,-0.0598854683339595,-0.1133916154503822,,,-0.0298170447349548,0.021612524986267,0.2077025771141052,0.7495031356811523,0.5501840114593506,-0.0074278656393289,,,-0.0759636759757995,-0.0397877991199493,0.1558283567428589,0.3990565836429596,0.542518675327301,-0.1782755404710769,,,0.0433729887008667,-0.040701687335968,-0.0448255240917205,0.3620931506156921,0.3915919959545135,0.1360968351364135,,,0.0110166668891906,0.0590605735778808,-0.0607124418020248,-0.6360516548156738,-0.3364611566066742,0.0470773875713348,,,0.1664629578590393,0.1109829246997833,-0.0042919814586639,-0.7283152937889099,-0.2650476694107055,0.1432708203792572,,,-0.0415587425231933,0.0059044957160949,-0.0055150985717773,0.1485393494367599,-0.4179520010948181,0.004539381712675,,,0.0151935815811157,-0.1552954316139221,0.0652200579643249,-0.5214700102806091,-0.1697501838207245,-0.1190776005387306,,,-0.0858064293861389,-0.077690988779068,-0.0023632943630218,-0.2784642577171325,-0.0747911781072616,0.1801386624574661,,,-0.0849937796592712,0.0698076486587524,-0.1484587788581848,-0.8971150517463684,-0.086060881614685,0.1914208531379699,,,-0.1735754013061523,0.0887266099452972,-0.091532751917839,0.024292217567563,0.0631845295429229,0.1160147413611412,,,0.0308648347854614,0.1638500690460205,-0.1634281575679779,-0.490189254283905,-0.1790944188833236,-0.4583717584609985,,,0.2411379814147949,0.091726005077362,-0.0985657572746276,0.8878215551376343,-0.3022469580173492,-0.2803049385547638,,,-0.0887950658798217,-0.0729987025260925,0.263749361038208,0.5980258584022522,0.0183006804436445,0.104351095855236,,,-0.0623159408569335,0.0339918732643127,0.1941088736057281,1.1335541009902954,0.6081634163856506,-0.0912325158715248,,,-0.0584241151809692,-0.0464782118797302,0.1059795916080474,0.5120997428894043,0.5709196329116821,-0.0714080482721328,,,0.0052365660667419,-0.0165240168571472,-0.0804980993270874,0.112891562283039,0.1894926726818084,0.2556700706481933,,,0.082006812095642,0.0881673991680145,0.0209951102733612,-0.7237833738327026,-0.3879382014274597,0.2359623610973358,,,0.14323091506958,0.0823925733566284,-0.0619775652885437,-0.3955129086971283,0.0037853871472179,0.3705414533615112,,,-0.2440683841705322,-0.077385812997818,0.1219290047883987,-0.0595098435878753,-0.0536821708083152,-0.1470644176006317,,,0.1444644331932068,-0.1942965984344482,-0.0656116902828216,-0.8500737547874451,-0.2276816517114639,-0.1511875987052917,,,-0.085860788822174,-0.0369918942451477,0.052562266588211,-0.8812698721885681,-0.4273138046264648,0.051073495298624,,,-0.1184626221656799,0.036531001329422,-0.0809154361486435,-0.7397392988204956,0.0297831669449806,0.4342494606971741,,,-0.1542247533798217,0.1227496862411499,-0.0714512169361114,-0.0215552449226379,0.2771820425987243,0.4337857067584991,,,-0.0128238201141357,0.2577962577342987,-0.1634519398212433,-0.514498233795166,-0.0307230539619922,-0.3092332482337951,,,0.2347013354301452,0.2130084335803985,-0.1419723182916641,0.5826807022094727,0.4829860925674438,-0.4231526553630829,,,-0.0678163170814514,-0.0784288048744201,0.0152308940887451,1.2131760120391846,-0.0001379819586873,-0.4757581055164337,,,-0.0668104887008667,-0.0995669066905975,0.2065448462963104,0.8426125645637512,0.4472293853759765,-0.1358876675367355,,,-0.047143280506134,-0.001353234052658,0.0965620279312133,0.896311342716217,0.2745923995971679,0.1906175464391708,,,-0.0021430253982543,-0.0635388195514679,-0.0783821791410446,-0.2453441470861435,0.0445344150066375,0.0695192813873291,,,0.0971680283546447,0.3190846443176269,-0.1305269598960876,0.2324658632278442,-0.2721929252147674,0.4995005130767822,,,0.4487470388412475,0.4389471411705017,-0.1002358794212341,1.4159270524978638,-0.569040060043335,-0.9385719299316406,,,-0.0723835229873657,-0.4383970499038696,0.2917413115501404,0.3268735408782959,-0.3813005089759826,-0.5484471917152405,,,0.0703371167182922,-0.2015495002269745,0.0231730639934539,-1.058874249458313,-0.1659309566020965,0.2082970440387725,,,-0.2020230889320373,0.2409700751304626,-0.2845040559768677,0.6528831124305725,0.1144333407282829,0.0696064978837966,,,0.2590044140815735,0.0698403716087341,-0.2395996749401092,3.8476016521453857,0.8973981738090515,-1.3055379390716553,,,0.1044561862945556,-0.2587914764881134,-0.3613210916519165,-0.4444900453090668,-0.9842969179153442,-0.6010627150535583,,,0.1186626553535461,0.7567580938339233,-0.2283711433410644,2.333324670791626,-2.434321880340576,-0.5765187740325928,,,-0.3673886060714721,0.2637617588043213,0.4640317559242248,2.790574073791504,-1.584228277206421,-1.756380319595337,,,-0.0048955082893371,0.1019152402877807,0.2018707990646362,1.4728405475616455,-1.2886369228363037,-2.088242769241333,,,0.2072123289108276,0.0743411481380462,0.1656665205955505,0.2022778838872909,-1.417001247406006,-1.565522074699402,,,0.0656944960355758,-0.2041598111391067,0.0995397567749023,0.6692167520523071,-0.3539519608020782,-0.3767389953136444,,,0.0084074288606643,-0.0149807780981063,-0.018303632736206,1.0859678983688354,0.6510621905326843,0.4169715642929077,,,0.1995017230510711,0.1198894828557968,-0.2366800308227539,0.6380125284194946,0.7812414765357971,0.4003368318080902,,,0.290020227432251,0.0364011079072952,0.1249110698699951,0.2375565022230148,0.1082641258835792,0.5522769093513489,,,0.0081187188625335,0.0052029937505722,0.068329632282257,0.3134598433971405,0.405195415019989,-0.2201588749885559,,,-0.0681088864803314,0.0887946859002113,0.0465887784957885,0.2946368455886841,-0.0778748542070388,-0.0103142000734806,,,-0.0685392618179321,0.0302119180560112,0.1134442090988159,-0.134092628955841,-0.5986509323120117,-0.6793428659439087,,,0.0882327705621719,-0.1770727634429931,0.0486531257629394,-0.3841521143913269,-0.2764457464218139,-0.0684135258197784,,,-0.0634716749191284,-0.1390412896871566,-0.0706464052200317,0.0195225235074758,0.1675452888011932,-0.3600457608699798,,,0.0311387479305267,0.0033068992197513,-0.2033930420875549,-1.1392607688903809,-0.2192660719156265,-1.2420223951339722,,,-0.0405188202857971,0.0404637455940246,0.0524466633796691,0.2103589475154876,-0.1759449541568756,0.9292535185813904,,,0.2393606305122375,0.0440029725432395,0.150553286075592,-0.4376876354217529,-0.5310969352722168,-0.093137577176094,,,-0.1539499461650848,0.0242652893066406,0.1884961724281311,-0.5955666899681091,0.434146374464035,-0.673777163028717,,,0.1026806831359863,-0.2025514394044876,0.068171203136444,-0.4418728947639465,0.606202244758606,-0.6544566750526428,,,-0.0269937217235565,-0.0992633700370788,-0.2285916805267334,-0.5343791246414185,0.068612053990364,-0.5512741804122925,,,0.1422662138938903,0.2326816022396087,-0.1236957907676696,0.3512703478336334,0.1073349490761756,-0.7837439775466919,,,0.1125012040138244,0.1139097511768341,0.1033744812011718,0.2442235350608825,-0.4719356298446655,0.0462381616234779,,,-0.0453094840049743,-0.0335846841335296,0.1509924530982971,0.4884743690490722,0.1925571709871292,-0.3421115577220917,,,-0.1389688849449157,-0.1640476286411285,0.1687942743301391,0.6052183508872986,0.8028855323791504,-0.2521606981754303,,,-0.0452503263950347,-0.0811558663845062,-0.0610266923904418,1.3388766050338743,0.8700022101402283,-1.0622624158859253,,,0.0590597093105316,-0.0589347183704376,0.0241750478744506,1.394129514694214,0.7565683722496033,0.3307474553585052,,,0.0088123381137847,-0.1697255969047546,0.0313497185707092,0.5289032459259033,0.0234890505671501,-0.3050827085971832,,,0.0943328440189361,-0.0128478556871414,-0.229121446609497,-0.3495202958583832,0.1148535832762718,-0.2241335958242416,,,-0.0639685690402984,-0.0806040912866592,-0.2528101801872253,0.892488420009613,-0.0291022546589374,0.0717294737696647,,,0.1253933012485504,0.2186486274003982,-0.064929723739624,0.693281888961792,-0.846926748752594,0.4970757961273193,,,-0.0520574152469635,0.0482071638107299,0.2768618464469909,-0.1972528547048568,-1.0964988470077517,0.7035730481147766,,,-0.0088697969913482,-0.0270164012908935,0.2793428301811218,-0.218336671590805,-0.3429195582866668,0.9027454257011414,,,0.0254962295293808,-0.0384475290775299,-0.0975563526153564,-0.3428561985492706,-0.2607698440551758,0.8671896457672119,,,0.0229602605104446,-0.0981719642877578,-0.1732043623924255,-0.5770859122276306,0.4853450953960418,1.2680702209472656,,,0.240021750330925,0.0837979167699813,0.0043740272521972,0.3626436293125152,-0.2129746228456497,1.6872822046279907,,,0.0377750173211097,0.116785854101181,0.0553671717643737,0.1454675644636154,-0.1158560588955879,0.1250735819339752,,,0.0338867530226707,0.0104651153087615,0.0974134802818298,-0.0755866840481758,-0.4572567939758301,-0.4637131094932556,,,-0.0425517708063125,-0.0112013220787048,0.1118308305740356,0.2869007587432861,-0.5994679927825928,0.0605514496564865,,,-0.0212622433900833,-0.0565274059772491,0.0709921717643737,-0.6084960103034973,-0.3649937212467193,-0.2909212112426758,,,-0.1231011748313903,-0.3282504677772522,0.1656928658485412,-1.0634195804595947,-1.0768084526062012,-0.4724074304103851,,,0.0436204224824905,0.2017623335123062,-0.2835985422134399,0.51080322265625,1.0627351999282837,-0.532526969909668,,,Exercise
2023-02-17 16:40:10.017887,0.0026664733886718,-0.0025993287563323,-0.0073840618133544,-0.0045120264403522,-0.0142926825210452,-0.0085977921262383,,,0.0020427806302905,-0.0058321878314018,0.0041953921318054,-0.014598642475903,-0.021969512104988,-0.008138995617628,,,0.0044021075591444,-0.0028381124138832,-0.001602828502655,0.0346940197050571,0.0045206858776509,0.0211515817791223,,,-0.003793160431087,0.0111523121595382,0.0027883648872375,0.0014252250548452,0.0105354348197579,0.0044594202190637,,,0.0056887036189436,-0.0030428171157836,-0.0039982199668884,0.0330397710204124,-0.0034528188407421,0.0009552994742989,,,0.003744002431631,-0.0053022801876068,0.0028251409530639,0.0079266941174864,0.0178950801491737,0.0273401010781526,,,0.0027613118290901,0.0015196800231933,0.0062336921691894,-0.0111403949558734,-0.0027236444875597,0.0601327680051326,,,-0.0121308006346225,0.005391102284193,0.0145754814147949,-0.0218081921339035,0.0105130653828382,0.0633088201284408,,,-0.0033201705664396,0.0063987970352172,-0.0088704824447631,0.0017777476459741,-0.0044136866927146,0.0615482367575168,,,-0.0096587985754013,0.005363292992115,0.0030215978622436,-0.0249669663608074,-0.0142199778929352,0.0335526578128337,,,-0.0039933640509843,-0.0012747719883918,0.0042089819908142,-0.0191585607826709,-0.0189638677984476,0.0096411993727087,,,-0.0043559726327657,0.0028190910816192,0.0106065869331359,-0.0118780899792909,0.0124971196055412,-0.007882366888225,,,-0.001855369657278,0.0006715878844261,-0.0016650557518005,0.0152365118265151,0.0109612746164202,-0.0315972156822681,,,0.0015697851777076,-0.0046779885888099,0.0041874647140502,0.0290360003709793,-0.0163845960050821,-0.0387169122695922,,,0.003679608926177,-0.0090194642543792,0.0028709173202514,0.0144162578508257,0.0041142874397337,-0.0175683498382568,,,0.0032457122579216,-0.0015436224639415,0.0114580392837524,-0.0067835692316293,0.0075255306437611,-0.0198836363852024,,,0.0107132410630583,-0.0043285973370075,-0.0041462182998657,-0.0121574020013213,-0.0034552151337265,-0.0402452312409877,,,0.0097739659249782,-0.0115529149770736,0.0105530619621276,-0.0045289103873074,-0.0144431516528129,0.0233729239553213,,,0.0074008544906973,-0.0070587433874607,-0.0028475522994995,0.0040741115808486,-0.0136210341006517,0.0311406999826431,,,-0.000588291324675,-0.0060326009988784,-0.0035739541053771,0.0498696416616439,-0.0369854792952537,0.0571803860366344,,,-0.0006973203271627,-0.0040072984993457,-0.00132417678833,0.1464526653289795,-0.0777350440621376,0.120320439338684,,,-0.0170044023543596,0.0152203887701034,0.0289889574050903,0.0865744724869728,-0.047367013990879,-0.0050638439133763,,,0.0004348019137978,-0.0244468748569488,0.0130168199539184,-0.0972031280398368,-0.0085684834048151,-0.0198193546384573,,,-0.0036635668948292,-0.0118705332279205,-0.0115297436714172,0.0284701846539974,0.0291474685072898,-0.057825494557619,,,0.0078988848254084,-0.0026023369282484,-0.0033302307128906,0.0761011615395546,0.0124585032463073,-0.0147030223160982,,,-0.0073818550445139,0.0024005118757486,0.0084173679351806,0.051023244857788,0.0448009967803955,-0.0147176031023263,,,0.0085055008530616,-0.0022409670054912,0.0088997483253479,0.0404049269855022,0.0088022490963339,0.061256755143404,,,0.0019650990143418,9.621493518352509e-05,-0.0053574442863464,0.0368701145052909,-0.0401048399507999,0.0642304420471191,,,0.0005202181637287,0.0022566728293895,0.0115348100662231,0.0308270826935768,-0.0191422998905181,0.0740506500005722,,,-0.007739255670458,0.0243013240396976,0.0070618987083435,0.1065359264612197,-0.0188147313892841,0.0058110407553613,,,-0.0195276569575071,-0.0082644997164607,0.0113224387168884,0.0459372960031032,-0.021729826927185,0.0282383859157562,,,-0.0109517136588692,0.0001683374866843,-0.0034430623054504,0.0846335664391517,0.0187920331954956,-0.0174891557544469,,,0.005222141277045,0.0021204687654972,0.0104328989982604,0.0845740363001823,0.0352639481425285,-0.0072020627558231,,,0.006151373963803,-0.0120269358158111,-0.0037360787391662,0.0552779100835323,-0.0231397040188312,0.0382119230926036,,,-0.0059407306835055,0.003071030601859,0.0092460513114929,0.0561501495540142,-0.0140250362455844,0.0307672582566738,,,-0.0050149839371442,-0.0035190768539905,0.0055636763572692,0.0261267628520727,-0.0077018924057483,-0.0378007851541042,,,-0.0004352582618594,-0.0063088163733482,0.0040649771690368,0.0745936334133148,-0.048645332455635,-0.0103575754910707,,,-0.0035913186147809,-0.0068345963954925,0.0103763937950134,0.071333922445774,0.002484698779881,-0.0624687150120735,,,0.0067723174579441,-0.0216050036251544,0.0081555843353271,0.0804023891687393,0.0437101684510707,-0.0176719818264246,,,0.0108866430819034,-0.0262699574232101,-0.0002079606056213,0.074008323252201,0.0656154677271843,0.0438917465507984,,,0.0207785088568925,-0.0263005271553993,-0.0138255357742309,0.0581967085599899,0.01746098510921,0.1911074966192245,,,-0.0055510979145765,0.0330170691013336,-0.0142207741737365,0.1209595873951911,-0.0814754515886306,0.1167164891958236,,,-0.0197134222835302,0.011879950761795,0.0206347703933715,-0.0045537580735981,-0.0385684631764888,-0.0518388412892818,,,0.0064865201711654,-0.0042656436562538,0.0047419071197509,0.0084032928571105,0.0116630177944898,-0.0025299130938947,,,-0.0123460069298744,0.0083400905132293,0.0054951310157775,0.0216440763324499,0.0233130156993865,-0.0343277566134929,,,0.0089670214802026,-0.0109252259135246,-0.0081346631050109,0.0283360406756401,0.0146114034578204,-0.0127168372273445,,,0.0008058361709117,-0.0077656507492065,-0.0024753808975219,0.0173861887305974,0.032696396112442,0.0143526643514633,,,0.0124633945524692,-0.0018333867192268,-0.0017880201339721,0.0392031222581863,-0.0012490525841712,0.0526619032025337,,,0.0004571080207824,0.0091682076454162,-0.0120617747306823,0.0382043309509754,-0.0166703537106513,0.0204945132136344,,,-0.0129370838403701,-0.0039395093917846,0.0121259093284606,0.0258092619478702,-0.0182575993239879,-0.0117556694895029,,,-0.0060734935104846,0.0046763867139816,0.0060402750968933,-0.0391296595335006,-0.0286612343043088,-0.0646203160285949,,,0.0038768835365772,-0.0178849771618843,-0.0013644099235534,0.0092864772304892,-0.0286982543766498,-0.0171438436955213,,,-0.0083270948380231,-0.0007016435265541,0.0167083740234375,0.0313952676951885,0.0045824712142348,-0.0300483554601669,,,0.0049271499738097,-0.0096817538142204,0.0041119456291198,-0.0076794568449258,-0.0348112732172012,0.0278762299567461,,,0.0081435330212116,-0.0102381855249404,0.0138011574745178,0.0477782376110553,0.0200394578278064,0.0442566312849521,,,-0.0090976292267441,-0.0214186608791351,-0.0209243297576904,0.0075617874972522,-0.0425341762602329,0.1194276139140129,,,-0.0078958887606859,0.0130907893180847,0.002298355102539,0.0860823765397071,0.003311610314995,0.0582398921251297,,,-0.0144290868192911,0.000744380056858,0.0120418667793273,0.0261950455605983,0.0089407339692115,0.0456353165209293,,,-0.0023897551000118,0.0043051987886428,-0.0004724264144897,-0.0183286126703023,0.0038501019589602,0.0036636677104979,,,-0.0057957470417022,-0.0078849419951438,0.007928729057312,-0.0153637696057558,0.0117128184065222,-0.0006599077605642,,,-0.0064733102917671,-0.0007116571068763,0.0161783099174499,-0.0084633054211735,0.0431594252586364,0.0026371523272246,,,-0.0137795750051736,-0.0083617344498634,0.0021435618400573,-0.0257673021405935,0.0230565536767244,-0.0108494954183697,,,0.0073596155270934,-0.0104095563292503,0.0167282223701477,-0.0740000009536743,0.0472127571702003,0.0129633927717804,,,-0.0023790709674358,0.0140687301754951,-0.0164307951927185,-0.0252714212983846,0.0050868736580014,0.0220520608127117,,,0.0053288750350475,0.0031205043196678,-0.0026862621307373,0.0093037346377968,-0.0162839293479919,-0.0033886160235852,,,-0.0061735715717077,0.0104159414768219,-0.0019760131835937,0.0035048075951635,0.029189545661211,-0.0639413073658943,,,0.0067335553467273,-0.0085298866033554,-0.0004752278327941,0.0138184847310185,-0.0444865375757217,0.0272230878472328,,,0.0017240894958376,0.0139524489641189,0.0068122148513793,-0.0103900218382477,0.0055806236341595,-0.0388841554522514,,,0.0038245841860771,-0.0156337320804595,0.0067528486251831,-0.0254903845489025,0.0049768853932619,-0.0099461507052183,,,0.0123721733689308,-0.00612673163414,-0.0071583986282348,0.0052563417702913,-0.0014208257198333,0.0086819287389516,,,-0.0007332246750593,0.0037592053413391,0.0120139718055725,0.0284726899117231,0.0175776332616806,0.021499291062355,,,-0.0037825480103492,0.0005981475114822,0.0099328160285949,0.0034763650037348,0.0148087441921234,0.0151984505355358,,,-0.0079478789120912,0.008673682808876,-8.034706115722656e-05,-0.0013570592273026,0.0085316728800535,-0.0025256187655031,,,0.0003253342583775,-0.0172952115535736,-0.0037686824798583,0.0288228411227464,0.000427140854299,-0.0186818167567253,,,-6.458256393671036e-05,0.0163906887173652,0.001599371433258,0.0072525944560766,0.0019826940260827,-0.0238767471164464,,,0.0049768025055527,-0.0110655128955841,0.0024627447128295,-0.0089738592505455,-0.0330522581934928,-0.009943121112883,,,0.001822592690587,-0.0048011317849159,0.0082999467849731,-0.0110575165599584,-0.0095341466367244,-0.0117684518918395,,,-0.0069871367886662,-0.0194941014051437,0.0247352719306945,-0.0643386617302894,0.0150878429412841,0.0238126777112483,,,0.0070087034255266,-0.0039901509881019,-0.0008012652397155,-0.0792842656373977,0.0280478503555059,0.007023312151432,,,-0.006544220726937,-0.0030177310109138,-0.0090933442115783,0.0225861966609954,-0.0057106465101242,0.0091267758980393,,,-0.0065730167552828,0.0113133490085601,0.0119814276695251,0.0214237552136182,0.0014415387995541,-0.030028847977519,,,0.0017286939546465,0.0064611136913299,0.0049110054969787,0.0088061224669218,-0.0059721693396568,-0.0119098993018269,,,-0.003408009186387,-0.0109000131487846,0.0063461065292358,0.0203791018575429,0.0040927161462605,0.005938739515841,,,-0.0068435277789831,0.013513408601284,0.0180134773254394,-0.0256165117025375,0.0206415988504886,-0.0235053040087223,,,0.0055258348584175,-0.0115718841552734,-0.0025621056556701,-0.0314893685281276,-0.0098891463130712,-0.0018218449549749,,,0.0023848265409469,0.0120547637343406,-0.0070064067840576,-0.01356927677989,-0.0019188374280929,0.0099353455007076,,,-0.0020215660333633,0.0037931054830551,0.0035054087638854,0.0209636408835649,-0.0199686773121356,-0.0097913881763815,,,0.0050387550145387,-0.0009790435433387,0.0021389722824096,0.017090231180191,-0.0046752095222473,-0.0211411155760288,,,0.0019645085558295,-0.0040275231003761,0.005008578300476,-0.0246527940034866,-0.0144548704847693,-0.02787471935153,,,0.00247348472476,0.0003783032298088,-0.0070680379867553,-0.0008620840380899,-0.0144828325137496,-0.0263712294399738,,,-0.0043452531099319,0.0017363727092742,-0.0007651448249816,-0.0019251912599429,-0.0024743732064962,-0.0350064300000667,,,0.0123006217181682,-0.0019025206565856,-0.0070031881332397,-0.012325394898653,-0.0587807856500148,0.0161264967173337,,,-0.0036004167050123,-0.0058231428265571,0.0119636058807373,-0.0332112647593021,0.0234648156911134,-0.0235249437391757,,,0.0105361938476562,-0.020756609737873,0.0079807639122009,-0.0536985360085964,0.0045827371068298,0.0452014580368995,,,-0.0086317742243409,0.0083052366971969,0.0107020735740661,-0.0441740304231643,0.035022135823965,0.0342328622937202,,,0.0001505520194768,0.0034783035516738,-0.0057445168495178,-0.0260758008807897,0.0147432293742895,0.0118255233392119,,,-0.0040087364614009,0.0024544447660446,-0.0082478523254394,0.0486762784421443,0.0013568503782153,0.0141243981197476,,,-0.0065954606980085,0.0166917070746421,0.0095784068107604,0.0421583801507949,0.0275980420410633,0.0213040485978126,,,-0.0055300588719546,0.007718525826931,-0.0036441087722778,0.0013364086626097,0.0300271119922399,-0.0031416742131114,,,-0.0131306014955043,-0.0015320032835006,0.0122097730636596,0.0218903925269842,0.0109631391242146,0.0148663884028792,,,Exercise
2023-02-18 10:31:12.680239,-0.0109835267066955,0.0035569071769714,-0.0024995803833007,0.0008976189419627,-0.0190212428569793,0.0194384194910526,7.153992751593516,183.83464643358943,-0.018544927239418,0.0037882328033447,9.804964065551758e-05,0.0189953688532114,0.0460264645516872,-0.044330671429634,7.153992751593516,183.83464643358943,0.0066413581371307,-0.0105976462364196,-0.0035482048988342,0.0063478578813374,0.0029801959171891,-0.0447328761219978,7.153992751593516,183.83464643358943,-0.0072843804955482,-0.0033066272735595,-0.0010067820549011,0.0379467941820621,-0.0079118674620985,0.0049698986113071,7.153992751593516,183.83464643358943,-0.0074937492609024,0.0023645758628845,0.0141175389289855,-0.0198047570884227,0.0034438520669937,-0.001041988027282,7.153992751593516,183.83464643358943,-0.0004050582647323,-0.0132490992546081,0.008991003036499,-0.0403736270964145,0.0158688314259052,-0.0271252542734146,7.153992751593516,183.83464643358943,-0.0013779401779174,-0.0028798282146453,0.0010715723037719,-0.0196584966033697,0.0038635660894215,-0.0205542370676994,7.153992751593516,183.83464643358943,-0.0059774816036224,0.0036869347095489,0.0036870241165161,0.0202402379363775,-0.001478468067944,-0.0245748106390237,7.153992751593516,183.83464643358943,-0.0132543295621871,0.0049319267272949,0.0012343525886535,0.0110499877482652,0.0025005601346492,-0.0562201552093029,7.153992751593516,183.83464643358943,0.0095580890774726,-0.0035397708415985,-0.0079439878463745,0.0066587822511792,-0.0567102991044521,-0.0011957522947341,7.153992751593516,183.83464643358943,-0.0105704069137573,0.0043072998523712,-0.0045772194862365,0.0383195355534553,-0.0217459239065647,0.0043151602149009,7.153992751593516,183.83464643358943,-0.0001628622412681,-0.0032062232494354,0.0100319981575012,-0.0259873121976852,-0.065600998699665,0.0191422756761312,7.153992751593516,183.83464643358943,-0.0082959979772567,0.0057264864444732,0.0021528601646423,0.001664422918111,0.0142626771703362,-0.0340421497821807,7.153992751593516,183.83464643358943,-0.0055237486958503,-0.0033813714981079,0.000733733177185,0.0020651221275329,-0.0027498621493577,-0.0027170497924089,7.153992751593516,183.83464643358943,-0.0055049434304237,-0.0118610560894012,0.00892835855484,0.0205891393125057,0.0169364921748638,0.032404750585556,7.153992751593516,183.83464643358943,-0.0009023696184158,0.0020633935928344,0.0015158653259277,-0.0534598417580127,0.0124370800331234,-0.0024728046264499,7.153992751593516,183.83464643358943,0.0021343827247619,0.0010401308536529,-0.004105269908905,0.0204254612326622,-0.0254660956561565,0.0027866722084581,7.153992751593516,183.83464643358943,-0.0095436424016952,0.0055870115756988,0.0136889815330505,-0.0038830484263598,5.55114820599556e-05,0.0043616988696157,7.153992751593516,183.83464643358943,-0.0038182511925697,-0.0085566639900207,-0.0027951002120971,-0.0112305767834186,0.0121848797425627,0.0143107026815414,7.153992751593516,183.83464643358943,-0.0048632398247718,0.0093027353286743,-0.0018666982650756,-0.0020754542201757,0.007259895093739,0.0019132553134113,7.153992751593516,183.83464643358943,-0.0077396035194396,0.0049076974391937,0.0023988485336303,0.0491330064833164,0.0501825921237468,-0.0090578030794858,7.153992751593516,183.83464643358943,-0.0074688494205474,0.0017527341842651,-0.0063527822494506,0.0140093993395566,0.0211293715983629,0.004656977020204,7.153992751593516,183.83464643358943,-0.0072387158870697,0.0057434737682342,0.0027052164077758,0.0341578088700771,0.0049578584730625,-0.027861351147294,7.153992751593516,183.83464643358943,0.0044363215565681,-0.005494862794876,0.0078820586204528,0.0170469209551811,0.0256998874247074,0.0096629541367292,7.153992751593516,183.83464643358943,-0.0107222124934196,0.0028192400932312,0.001338243484497,-0.0129666374996304,-0.009598447009921,-0.0044073914177715,7.153992751593516,183.83464643358943,0.0075931549072265,0.0007650852203369,0.0039565563201904,0.0054317037574946,0.0010243691504001,-0.0173619389533996,7.153992751593516,183.83464643358943,0.0023894533514976,-0.0066025555133819,0.0022068619728088,-0.0102133825421333,0.011061823926866,-0.003537303302437,7.153992751593516,183.83464643358943,-0.0020854026079177,-0.0053304433822631,0.0031683444976806,0.00123035418801,0.0185780636966228,-0.0258629489690065,7.153992751593516,183.83464643358943,-0.0056542828679084,-0.0024614036083221,0.0028703808784484,0.0101817976683378,0.0313676297664642,-0.0140812909230589,7.153992751593516,183.83464643358943,-0.0195187404751777,0.0168936252593994,0.0053824782371521,0.0324397236108779,0.0969455689191818,-0.1302088648080825,7.153992751593516,183.83464643358943,-4.303455352783203e-05,-0.0042332708835601,-0.0056066513061523,-0.0208049342036247,0.0306797325611114,-0.0991987809538841,7.153992751593516,183.83464643358943,0.0029320120811462,-0.0205960571765899,0.0094289183616638,0.0206221621483564,0.0256175957620143,-0.0526719242334365,7.153992751593516,183.83464643358943,-0.0030249506235122,-0.0055667161941528,0.0107284188270568,0.0051144678145647,0.0275635700672864,-0.0172695275396108,7.153992751593516,183.83464643358943,0.0049240738153457,0.0042853355407714,-0.0059897899627685,-0.0099202478304505,0.0037450552918016,-0.0489158034324646,7.153992751593516,183.83464643358943,-0.0018104314804077,-0.0055309236049652,0.0008223056793212,0.0633910372853279,0.0019634002819657,0.0284016225486993,7.153992751593516,183.83464643358943,-0.0053707584738731,-0.0044749081134796,0.0120121240615844,0.010427288711071,-0.0292834676802158,0.0366520583629608,7.153992751593516,183.83464643358943,-0.000579759478569,-0.0051761269569396,0.0121725797653198,-0.0353976413607597,0.0169359594583511,-0.0124984076246619,7.153992751593516,183.83464643358943,-0.0096193403005599,-0.0061842203140258,-0.0022120475769042,0.0245096310973167,-0.0045645404607057,0.0235460791736841,7.153992751593516,183.83464643358943,-0.0046963468194007,0.0017899572849273,0.00662761926651,-0.0325267314910888,0.0094601986929774,-0.0002845849376171,7.153992751593516,183.83464643358943,0.0005422085523605,-0.0065377354621887,-0.0054234266281127,-0.017293369397521,0.0074862632900476,0.0350254997611045,7.153992751593516,183.83464643358943,-0.0050609037280082,0.0055775940418243,0.0044384002685546,-0.001466975081712,0.0106168100610375,-0.0151888988912105,7.153992751593516,183.83464643358943,-0.0001175105571746,-0.0097850859165191,0.0052719116210937,-0.0079457275569438,0.0358686372637748,0.0093393800780177,7.153992751593516,183.83464643358943,-0.0008498802781105,0.0124766528606414,-0.0014225244522094,0.0082871988415718,0.0285808965563774,-0.0182136166840791,7.153992751593516,183.83464643358943,-0.0047514140605926,-0.0045961141586303,0.010961890220642,-0.0021070393268018,0.0643245130777359,-0.022135954350233,7.153992751593516,183.83464643358943,0.005326509475708,-0.0102620124816894,0.0002534985542297,-0.0112567553296685,0.0348989777266979,-0.028903180733323,7.153992751593516,183.83464643358943,0.001468688249588,-0.0031183958053588,-0.000501275062561,-0.0216360799968242,-0.017548780888319,-0.0130525445565581,7.153992751593516,183.83464643358943,-0.0025716498494148,-0.0054473876953125,0.0087801218032836,-0.0190103892236948,0.0031543662771582,-0.0037956298328936,7.153992751593516,183.83464643358943,0.0046266168355941,2.1159648895263672e-05,0.0037432312965393,-0.0130728976801037,-0.0007010921835899,-0.0003810247872024,7.153992751593516,183.83464643358943,0.003853254020214,-0.0047058761119842,0.002884030342102,-0.0028164787217974,-0.0112994089722633,0.0250166114419698,7.153992751593516,183.83464643358943,-0.0020389407873153,-0.0032716989517211,0.0101823806762695,-0.0075974655337631,-0.0070154471322894,0.0089232949540019,7.153992751593516,183.83464643358943,-0.0013079047203063,-0.0043350160121917,0.0035714507102966,-0.0209992639720439,-0.0064977277070283,0.0270380154252052,7.153992751593516,183.83464643358943,-0.0064633786678314,0.0014784336090087,0.0014812350273132,-0.0030099574942141,0.0041109737940132,0.0018511367961764,7.153992751593516,183.83464643358943,-0.007263459265232,-0.0019453763961791,0.0102303624153137,-0.0124405305832624,0.0025058863684535,-0.0323146246373653,7.153992751593516,183.83464643358943,0.0033126026391983,-0.0072253048419952,0.0010477900505065,0.0053493054583668,0.0060148672200739,-0.0072668939828872,7.153992751593516,183.83464643358943,-0.007416546344757,0.0032390058040618,0.0056604146957397,0.0100208362564444,-0.0189615897834301,-0.0022393453400582,7.153992751593516,183.83464643358943,0.0080857649445533,-0.0088397860527038,0.0124483108520507,-0.0400887504220008,-0.0311468839645385,0.0067194951698184,7.153992751593516,183.83464643358943,0.0012136921286582,0.0064679682254791,-0.0016114115715026,-0.002705238526687,0.0003244914114475,0.0225346442312002,7.153992751593516,183.83464643358943,-0.0106015875935554,0.0024942159652709,-0.0015265345573425,0.001419651787728,-0.0205411091446876,0.0158907547593116,7.153992751593516,183.83464643358943,-0.0113472640514373,-0.0008923411369323,0.0026999115943908,-0.0007925296085886,-0.0001104027032852,0.0034535941667854,7.153992751593516,183.83464643358943,-0.0076986998319625,0.0167980194091796,-0.0028237700462341,0.021419059485197,0.0117947263643145,-0.0278570242226123,7.153992751593516,183.83464643358943,-0.0073736235499382,-0.0051380395889282,-0.0004922151565551,0.0519145168364048,0.0432360060513019,-0.0461347326636314,7.153992751593516,183.83464643358943,-0.0001087710261344,-0.007861316204071,0.0083906650543212,-0.0214685127139091,0.00461191451177,-0.0314428731799125,7.153992751593516,183.83464643358943,0.0065458565950393,0.0063767433166503,-0.0057690739631652,0.0367880798876285,0.011542790569365,-0.0489626079797744,7.153992751593516,183.83464643358943,0.0050106793642044,-0.0087868273258209,0.0052226185798645,0.0287870950996875,-0.0181655697524547,0.0003484818153083,7.153992751593516,183.83464643358943,5.161762237548828e-05,0.0012622773647308,0.0075944662094116,0.0084195313975214,0.0017005465924739,0.0042653591372072,7.153992751593516,183.83464643358943,-0.0027633160352706,0.006292700767517,-0.0041310787200927,0.0151113616302609,-0.0029077874496579,-0.0162977073341608,7.153992751593516,183.83464643358943,-0.0024261176586151,-0.0008144080638885,0.0041884779930114,0.0311064422130584,-0.0079057421535253,0.002028337214142,7.153992751593516,183.83464643358943,-0.0057288184762001,0.0035148859024047,0.0003582239151,-0.0101134330034255,0.0012310314923524,0.0022808047942817,7.153992751593516,183.83464643358943,-0.008528783917427,-0.0037212371826171,0.0013065338134765,-0.0150882173329591,-0.0139670968055725,-0.0502958558499813,7.153992751593516,183.83464643358943,-0.007151186466217,-0.0089026093482971,0.0211638808250427,-0.0373579710721969,-0.0280743949115276,0.0022109968122094,7.153992751593516,183.83464643358943,0.0088445469737052,0.0483850240707397,-0.0394049882888793,0.0612800009548664,0.0308858640491962,-0.060954887419939,7.153992751593516,183.83464643358943,-0.0162747949361801,-0.0161982774734497,0.0122179388999938,-0.032412189990282,0.0590437315404415,0.0613262802362442,7.153992751593516,183.83464643358943,-0.0298737809062004,0.0171170830726623,-0.0124181509017944,0.0097987819463014,0.1377523988485336,0.0471839308738708,7.153992751593516,183.83464643358943,0.0217821598052978,-0.0141884088516235,0.0164519548416137,-0.1197932437062263,0.0539014339447021,-0.039376325905323,7.153992751593516,183.83464643358943,-0.0292734950780868,-0.0096824765205383,0.0009942650794982,0.0584788098931312,0.169817641377449,0.0331036634743213,7.153992751593516,183.83464643358943,0.0270866304636001,-0.0097442269325256,-0.0114462375640869,-0.0493502654135227,-0.046598806977272,-0.0911922827363014,7.153992751593516,183.83464643358943,0.0044950693845748,0.0047616958618164,-0.0007704496383666,0.0695983543992042,-0.0089989695698022,0.0229835864156484,7.153992751593516,183.83464643358943,-0.0049707517027854,0.0128742456436157,-0.023341417312622,0.0743210241198539,-0.1942178308963775,-0.0308338049799203,7.153992751593516,183.83464643358943,0.0054536238312721,0.0042718350887298,0.0090411901473999,0.0636391639709472,-0.1779275238513946,-0.0136327473446726,7.153992751593516,183.83464643358943,-0.0223847776651382,0.0343239903450012,0.0065279006958007,0.0214773025363683,0.0350590348243713,-0.1462510228157043,7.153992751593516,183.83464643358943,0.0153380073606967,-0.0187188982963562,-0.0139649510383605,-0.0081618167459964,-0.0244178734719753,-0.038292720913887,7.153992751593516,183.83464643358943,0.0043100006878376,-0.0018031299114227,0.014703631401062,0.0129897287115454,0.032763123512268,0.0214259698987007,7.153992751593516,183.83464643358943,-0.007568359375,0.0030361711978912,0.0139688849449157,-0.025494547560811,0.0699837282299995,-0.0352361761033535,7.153992751593516,183.83464643358943,-0.010684497654438,0.0150848627090454,-0.0137410163879394,0.0306519716978073,0.0742706209421157,-0.0455692410469055,7.153992751593516,183.83464643358943,0.0056578293442726,-0.0137482285499572,0.0150701999664306,0.0161302350461483,0.0190057680010795,0.0384797900915145,7.153992751593516,183.83464643358943,-0.015088602900505,0.0080043673515319,0.0086109638214111,0.0003426161711104,-0.0016459822654724,0.034509714692831,7.153992751593516,183.83464643358943,-0.0044538453221321,0.001031756401062,0.001721978187561,0.010193302296102,0.0176691263914108,-0.013826759532094,7.153992751593516,183.83464643358943,-0.0101046711206436,-0.0031424760818481,0.0111821889877319,-0.0368911959230899,-0.0115787722170352,0.0440522171556949,7.153992751593516,183.83464643358943,-0.0065071955323219,-0.0185315608978271,0.0119226574897766,-0.0859393551945686,0.0151961147785186,0.0626007691025734,7.153992751593516,183.83464643358943,0.0007605701684951,0.0084247589111328,-0.0156804919242858,-0.0788537710905075,0.0547160953283309,0.0206261239945888,7.153992751593516,183.83464643358943,-0.0301733165979385,0.0089847445487976,-0.0078363418579101,0.0049611763097345,0.1508290320634842,0.01443394087255,7.153992751593516,183.83464643358943,0.0125127583742141,-0.0054001808166503,0.0022554397583007,-0.04213323071599,0.0631101131439209,-0.0099526587873697,7.153992751593516,183.83464643358943,0.0033501237630844,0.0013070702552795,-0.0121753811836242,0.0740458667278289,-0.0019525112584233,-0.0032521123066544,7.153992751593516,183.83464643358943,0.0058410540223121,0.0026869773864746,0.0082265138626098,0.0053601181134581,-0.0174033734947443,0.029785931110382,7.153992751593516,183.83464643358943,-0.0084879845380783,0.0082678198814392,-0.0061159133911132,0.0389617532491683,0.0071347267366945,0.0198376290500164,7.153992751593516,183.83464643358943,-0.0066658556461334,0.0096477270126342,0.0026370882987976,0.0162962283939123,0.0129257701337337,-0.0632767677307128,7.153992751593516,183.83464643358943,0.0156052410602569,-0.025663137435913,0.0062687993049621,0.0004859208129346,-0.005013283342123,0.027496313676238,7.153992751593516,183.83464643358943,0.0039347186684608,0.0094031691551208,0.0006980895996093,-0.011697988025844,-0.0274434890598058,-0.0022219682577997,7.153992751593516,183.83464643358943,0.0032398253679275,-0.0019481778144836,0.0058345794677734,-0.004185982979834,-0.0023796819150447,-0.0009394895751029,7.153992751593516,183.83464643358943,,,,,,,,,Socialize
2023-02-18 12:57:02.696822,0.000681560486555,0.0236486792564392,-0.0107693672180175,0.0287945512682199,-0.0050740027800202,-0.0086040552705526,9.458755301878211,324.52234353232365,-0.0066661834716796,2.5540590286254883e-05,0.0044468641281127,0.0371232405304908,0.0068684108555316,0.0113280080258846,9.458755301878211,324.52234353232365,5.731731653213501e-05,0.0225649178028106,0.0115571618080139,0.0398224629461765,0.0182502288371324,-0.0055757411755621,9.458755301878211,324.52234353232365,0.0074372813105583,0.0093405246734619,-0.001943826675415,-0.0140135530382394,0.0062875752337276,-0.0168307926505804,9.458755301878211,324.52234353232365,-0.0039048437029123,-0.0041770339012146,0.0046369433403015,-0.004281616769731,0.0103795221075415,0.0020739226602017,9.458755301878211,324.52234353232365,0.0005999989807605,0.0009045898914337,0.000625193119049,-0.0257481858134269,0.0069099562242627,0.0089930146932601,9.458755301878211,324.52234353232365,-0.007654845714569,-0.0210798680782318,0.0128008723258972,-0.0612230375409126,0.0246833600103855,0.0314806811511516,9.458755301878211,324.52234353232365,0.0103064551949501,0.007946491241455,0.0016539096832275,0.0794239863753318,0.0223150104284286,-0.0305047929286956,9.458755301878211,324.52234353232365,0.0030109547078609,-0.0260290503501892,0.0201716423034667,-0.1789131909608841,-0.0521437786519527,0.026727270334959,9.458755301878211,324.52234353232365,-0.0200777910649776,-0.0188906788825988,0.0256080627441406,-0.0026387660764157,0.0035498458892107,0.0144239328801631,9.458755301878211,324.52234353232365,0.0051721110939979,0.033350259065628,-0.0169576406478881,-0.0438382141292095,4.0864571928977966e-05,0.0380756333470344,9.458755301878211,324.52234353232365,-0.0144967921078205,0.0007477700710296,0.039820373058319,0.1069177910685539,0.1043459624052047,0.0418161116540432,9.458755301878211,324.52234353232365,-0.0079543367028236,0.0188916027545928,0.0040468573570251,0.2775078117847442,0.0912741050124168,-0.0390171557664871,9.458755301878211,324.52234353232365,-0.0065827183425426,0.0046494007110595,-0.0094816088676452,0.0070281089283525,-0.0006092125549912,-0.1037823036313057,9.458755301878211,324.52234353232365,-0.0077433548867702,-0.0127040743827819,-0.0127880573272705,0.1661422997713089,0.0085483333095908,-0.0311767421662807,9.458755301878211,324.52234353232365,0.0019434913992881,-0.0754637718200683,0.019753873348236,-0.2846548855304718,0.0322081223130226,0.1337905973196029,9.458755301878211,324.52234353232365,-0.014077104628086,0.0440483391284942,-0.0048838853836059,0.1386042833328247,-0.1068411096930503,0.2212057411670684,9.458755301878211,324.52234353232365,-0.0300311669707298,0.0174735188484191,0.0033453106880187,0.0534763820469379,-0.052696119993925,-0.0022148985881358,9.458755301878211,324.52234353232365,0.0076065137982368,0.0102042257785797,-0.0134313106536865,0.0589417703449726,-0.0999922603368759,-0.0814085155725479,9.458755301878211,324.52234353232365,0.0132239386439323,-0.0212346911430358,0.0140647888183593,-0.0499292090535163,-0.0632832497358322,-0.0777621865272522,9.458755301878211,324.52234353232365,-0.0001333728432655,-0.0277060866355896,0.0192010402679443,0.0127843720838427,-0.0267180427908897,-0.0958070680499076,9.458755301878211,324.52234353232365,0.0029685571789741,-0.0224813818931579,0.0037444829940795,0.0231483019888401,-0.04799110814929,-0.1116417199373245,9.458755301878211,324.52234353232365,0.0134645914658904,-0.020236849784851,0.0171898603439331,0.0157178435474634,-0.0349655896425247,-0.094816043972969,9.458755301878211,324.52234353232365,0.0133051350712776,-0.0281772017478942,0.0196412205696105,0.0090407133102417,-0.0651605129241943,-0.037453681230545,9.458755301878211,324.52234353232365,0.0043541938066482,-0.0089805722236633,0.0114164352416992,-0.0018890328938141,-0.0367397852241992,-0.0234012100845575,9.458755301878211,324.52234353232365,0.0113258138298988,-0.0167589783668518,0.0072166919708251,-0.0059350137598812,-0.0503522679209709,-0.0191201791167259,9.458755301878211,324.52234353232365,0.0108309984207153,-0.0089026689529418,0.0090246796607971,-0.0305349808186292,-0.0356952920556068,0.0119298491626977,9.458755301878211,324.52234353232365,-0.0178212374448776,-0.0052736401557922,0.0103294849395751,-0.036461416631937,-0.0050969049334526,-0.0020435573533177,9.458755301878211,324.52234353232365,-0.0100413188338279,-0.0151649713516235,0.0052434802055358,-0.013625344261527,0.0024614119902253,0.0069926818832755,9.458755301878211,324.52234353232365,0.0034017115831375,-0.0016502737998962,-0.0074057579040527,0.0599950514733791,0.0505437180399894,0.0642076656222343,9.458755301878211,324.52234353232365,-0.0940053537487983,0.1144605278968811,0.0164669752120971,0.1787884980440139,0.1342439353466034,0.0388601683080196,9.458755301878211,324.52234353232365,0.0038640350103378,0.0155984759330749,-0.0051504373550415,0.0640830099582672,0.1139490604400634,0.1527792066335678,9.458755301878211,324.52234353232365,0.007447003852576,0.022763967514038,-0.0327735543251037,0.0770059674978256,0.0509607717394828,0.0811429396271705,9.458755301878211,324.52234353232365,-0.033720925450325,0.0149235725402832,0.002232551574707,-0.0980527698993682,0.0261121466755867,0.0502179190516471,9.458755301878211,324.52234353232365,-0.0121413171291351,0.0095298290252685,-0.0038735270500183,-0.0840539708733558,-0.0103832809254527,-0.0175967514514923,9.458755301878211,324.52234353232365,0.0045621478930115,-0.0137380361557006,0.0036776661872863,-0.0524519942700862,-0.0374186262488365,-0.0118752159178256,9.458755301878211,324.52234353232365,0.0054257661104202,-0.0074535608291625,0.0094180703163146,-0.0139806903898715,-0.0180686302483081,-0.0447245426476001,9.458755301878211,324.52234353232365,0.0010852217674255,0.0044140815734863,-0.012840986251831,0.0050451993010938,-0.0460810922086238,-0.0465286336839199,9.458755301878211,324.52234353232365,0.0034947544336318,0.004989206790924,-0.0214577913284301,0.0540279485285282,-0.1097458228468895,-0.0943272188305854,9.458755301878211,324.52234353232365,0.0107324570417404,-0.0025596618652343,0.0149579048156738,0.009465780109167,-0.0850449949502945,-0.0003059448208659,9.458755301878211,324.52234353232365,0.0094425752758979,0.0125772356986999,0.0112236142158508,0.0233432464301586,-0.0116687873378396,0.0348672233521938,9.458755301878211,324.52234353232365,0.0013578087091445,0.0129487514495849,0.010469913482666,-0.0530545897781848,0.0320837534964084,-0.013205830939114,9.458755301878211,324.52234353232365,-0.0010503008961677,-0.0087083578109741,0.0009785294532775,-0.0284959021955728,0.016637684777379,0.0268103946000337,9.458755301878211,324.52234353232365,-0.0022106170654296,0.00031578540802,-0.0040091872215271,-0.0081917764618992,0.0350550413131713,0.0403553992509841,9.458755301878211,324.52234353232365,-0.014297105371952,0.0072880983352661,0.0092233419418334,-0.0225016865879297,0.0093150567263364,0.0526438206434249,9.458755301878211,324.52234353232365,-0.0141274556517601,0.0183556079864501,-0.0089163184165954,0.014415425248444,0.0086141126230359,0.0111928526312112,9.458755301878211,324.52234353232365,-0.0083253532648086,-0.0020889043807983,0.0073851346969604,-0.0962278619408607,0.0027410443872213,0.0096796778962016,9.458755301878211,324.52234353232365,0.0017382204532623,6.35385513305664e-05,0.0095174908638,-0.0796048939228057,0.0021791169419884,-0.0023759198375046,9.458755301878211,324.52234353232365,0.0002880115061998,-0.0011850595474243,0.0027617812156677,-0.0276109352707862,0.0008821571245789,-0.0187945738434791,9.458755301878211,324.52234353232365,-0.0007769241929054,-0.0043579339981079,-0.0023397803306579,-0.0144943064078688,-0.0096338670700788,-0.0243245288729667,9.458755301878211,324.52234353232365,-0.0184500366449356,-0.0048393607139587,0.0046821236610412,0.0212075505405664,-0.0025951312854886,-0.0296152308583259,9.458755301878211,324.52234353232365,-0.0097693130373954,-0.0006189346313476,0.0084331035614013,0.0114725260064005,-0.0228271670639514,-0.0450716167688369,9.458755301878211,324.52234353232365,0.0036346018314361,0.0041679739952087,0.0035568475723266,-0.0110490024089813,0.0153987817466259,-0.0202974621206522,9.458755301878211,324.52234353232365,0.0163124203681945,0.0098314881324768,0.0089691281318664,-0.0844669193029403,0.0119489235803484,-0.0008399416692554,9.458755301878211,324.52234353232365,0.0097674876451492,-0.001596450805664,0.0046594142913818,-0.04434235394001,0.0525211170315742,0.038571048527956,9.458755301878211,324.52234353232365,-0.0018118023872375,-0.004281461238861,-0.0095437765121459,-0.0370561815798282,0.0433385372161865,0.047229815274477,9.458755301878211,324.52234353232365,-0.0118492618203163,0.0015304088592529,-0.005811333656311,0.0171476155519485,0.0461162142455577,0.0155867356806993,9.458755301878211,324.52234353232365,-0.0175859406590461,0.0052663683891296,-0.0016171336174011,0.0319247506558895,-0.0014912514016032,0.0083120446652174,9.458755301878211,324.52234353232365,-0.0079822912812232,0.0056455433368682,0.0096580982208251,-0.0240185428410768,-0.0163082815706729,-0.021993963047862,9.458755301878211,324.52234353232365,-0.0012257769703865,-0.0026931464672088,0.004813015460968,0.0176203791052103,-0.0292086340487003,-0.0337382704019546,9.458755301878211,324.52234353232365,-0.0018783435225486,0.0034822821617126,0.0001530647277832,-0.0094735296443104,4.21963632106781e-05,-0.015326339751482,9.458755301878211,324.52234353232365,0.0034402012825012,0.0004213750362396,0.0044472217559814,-0.0354109853506088,0.0151090305298566,-0.0208305269479751,9.458755301878211,324.52234353232365,0.0062689930200576,-0.003509908914566,-0.001972496509552,0.0352545827627182,0.009491890668869,-0.0267560929059982,9.458755301878211,324.52234353232365,0.0064589753746986,0.0003433525562286,0.0030215382575988,0.0063522523269057,0.0058404309675097,-0.000329480273649,9.458755301878211,324.52234353232365,0.001091718673706,0.0072256624698638,0.0093418359756469,-0.0313014090061187,0.0132615957409143,0.016699269413948,9.458755301878211,324.52234353232365,-0.0045563876628875,-0.0061793625354766,0.0030306577682495,-0.0212908815592527,0.0377957001328468,0.0198270548135042,9.458755301878211,324.52234353232365,-0.0005751920398324,0.0022371709346771,-0.0117746591567993,-0.0470629297196865,0.000975901260972,0.0065008620731532,9.458755301878211,324.52234353232365,-0.0015855431556701,0.0056012272834777,0.0074938535690307,-0.0267231427133083,-0.007416252978146,0.032891321927309,9.458755301878211,324.52234353232365,-0.0083988830447196,-0.0040256083011627,-0.0017192363739013,0.0570349209010601,0.0205924771726131,0.1174821034073829,9.458755301878211,324.52234353232365,-0.0072224214673042,0.0162371695041656,-0.0031224489212036,-0.0299907606095075,0.062981478869915,0.0839295089244842,9.458755301878211,324.52234353232365,-0.0163539052009582,0.0103789865970611,0.0021873116493225,-0.0733008161187172,0.0388338007032871,0.0225716400891542,9.458755301878211,324.52234353232365,-0.0092740133404731,0.0057421326637268,-0.0267889499664306,-0.0623175650835037,-0.0425537303090095,-0.0055259065702557,9.458755301878211,324.52234353232365,-0.0058573633432388,-0.0004293024539947,-0.0232110023498535,0.0667270720005035,-0.0521813258528709,-0.0324740335345268,9.458755301878211,324.52234353232365,-0.0107968896627426,0.0082552134990692,0.0005874037742614,0.0419556275010108,-0.0442890487611293,0.0345825627446174,9.458755301878211,324.52234353232365,0.0097436159849166,-0.0164569318294525,0.0502135753631591,0.0461937263607978,0.0886495560407638,0.0212088339030742,9.458755301878211,324.52234353232365,-0.0215943828225135,0.0214863121509552,-0.0177034139633178,-0.0016036751912906,-0.0320755243301391,-0.0618618167936801,9.458755301878211,324.52234353232365,-0.0305643230676651,-0.0107645690441131,0.009052038192749,-0.0339899249374866,0.0085387462750077,-0.0410548374056816,9.458755301878211,324.52234353232365,0.0055015608668327,-0.0243367254734039,0.0112932920455932,-0.1160324364900589,0.0862985178828239,-0.0275275129824876,9.458755301878211,324.52234353232365,0.0065915961749851,0.0198590159416198,0.0088708400726318,-0.0258277337998151,0.0393086411058902,-0.0796751677989959,9.458755301878211,324.52234353232365,0.0038973689079284,0.0242959260940551,-8.767843246459961e-05,-0.010188135318458,0.0189775377511978,-0.0618191063404083,9.458755301878211,324.52234353232365,0.0064524486660957,-0.0163364112377166,0.0062195658683776,-0.0497636683285236,0.0209693163633346,-0.0166385117918252,9.458755301878211,324.52234353232365,-0.005042091012001,-0.0100794434547424,0.0039645433425903,-0.0469844192266464,0.0461676120758056,-0.0268119536340236,9.458755301878211,324.52234353232365,-0.0640963241457939,-0.0152362287044525,0.0410592555999755,-0.1037376597523689,0.0259326491504907,-0.135389968752861,9.458755301878211,324.52234353232365,-0.0557615384459495,-0.0100040435791015,0.0410083532333374,-0.2254198044538498,-0.0290128923952579,-0.0877701491117477,9.458755301878211,324.52234353232365,-0.0454738512635231,-0.0292573273181915,0.0318906307220459,-0.2089163064956665,-0.0119015481323003,-0.27553591132164,9.458755301878211,324.52234353232365,-0.0635219141840934,-0.0627624690532684,0.0642693042755127,-0.3101276457309723,0.0344995073974132,-0.1488815695047378,9.458755301878211,324.52234353232365,-0.0450257211923599,-0.0759326517581939,0.0341851115226745,-0.2702248096466064,0.1265404820442199,-0.0980298742651939,9.458755301878211,324.52234353232365,-0.0185487531125545,-0.0876791775226593,0.0247883796691894,-0.2341531068086624,0.2349013090133667,-0.0371182188391685,9.458755301878211,324.52234353232365,-0.0150111392140388,-0.0800055861473083,-0.0181551575660705,-0.2287250906229019,0.2832198441028595,0.1183283925056457,9.458755301878211,324.52234353232365,-0.0055201649665832,0.0459709167480468,-0.0754107236862182,-0.2900084853172302,0.3281777501106262,0.1887841820716858,9.458755301878211,324.52234353232365,0.0118473172187805,0.0407897233963012,-0.0272877812385559,-0.2179185897111892,0.2377974987030029,0.138698011636734,9.458755301878211,324.52234353232365,0.0237962901592254,0.1287452280521392,-0.0076073408126831,0.0646863430738449,0.0960464850068092,0.01350231282413,9.458755301878211,324.52234353232365,-0.0076194703578948,0.0338864028453826,0.0151498317718505,0.0325499549508094,-0.0716426372528076,-0.1734443008899688,9.458755301878211,324.52234353232365,-0.0691164433956146,0.0171878933906555,0.0473079681396484,0.1477304100990295,-0.0513826459646225,-0.2797621190547943,9.458755301878211,324.52234353232365,-0.0222693681716918,0.0184092819690704,-0.0061510801315307,0.0606507509946823,-0.1150604262948036,-0.6101553440093994,9.458755301878211,324.52234353232365,0.0264449417591094,-0.0585969388484954,0.0404446721076965,0.1944987773895263,-0.2501154541969299,-0.530744731426239,9.458755301878211,324.52234353232365,0.0318927019834518,-0.0963912904262542,0.0338771939277648,0.1531377583742141,-0.2179591059684753,-0.3999352157115936,9.458755301878211,324.52234353232365,-0.0078691691160202,-0.1008465588092804,-0.0411131978034973,-0.0182258747518062,-0.1101546138525009,-0.40115487575531,9.458755301878211,324.52234353232365,-0.0446382462978363,-0.0104899108409881,-0.0355467796325683,0.1177040264010429,-0.0601337924599647,-0.5606284141540527,9.458755301878211,324.52234353232365,-0.0433261394500732,0.1722628772258758,0.0051167607307434,0.093230590224266,-0.0204614792019128,-0.3362287282943725,9.458755301878211,324.52234353232365,Meal
2023-02-18 12:57:12.659253,0.0010530054569244,0.1468585133552551,-0.0399399399757385,0.0937846302986145,-0.1663459837436676,-0.5268661975860596,9.458755301878211,324.52234353232365,0.0142974406480789,-0.0113853812217712,0.0333584547042846,-0.0694618672132492,-0.1276550441980362,-0.2632429897785187,9.458755301878211,324.52234353232365,-0.0290460586547851,0.0259239673614501,0.0534963607788085,0.4220179915428161,0.0785817429423332,-0.0178205892443656,9.458755301878211,324.52234353232365,-0.0362949669361114,0.0112520456314086,0.0249935984611511,0.0192449614405632,0.0451098047196865,0.1400309205055236,9.458755301878211,324.52234353232365,0.0088777840137481,-0.0546022355556488,-0.0094018578529357,-0.1086323633790016,0.1313211172819137,0.3204965591430664,9.458755301878211,324.52234353232365,-0.0028186738491058,0.0672109425067901,-0.1060351133346557,0.2459363341331482,0.3942222595214844,0.072857454419136,9.458755301878211,324.52234353232365,-0.0051308572292327,0.0749113261699676,-0.0140733122825622,-0.1348048448562622,-0.1365835666656494,0.517980694770813,9.458755301878211,324.52234353232365,-0.0961718261241912,0.1068748831748962,-0.0233162641525268,0.0316384881734848,-0.0643671527504921,-0.3271486163139343,9.458755301878211,324.52234353232365,-0.1115104556083679,0.0502179563045501,-0.0441526174545288,0.1668813228607177,-0.1670570522546768,-0.6148645877838135,9.458755301878211,324.52234353232365,-0.0634261667728424,0.1272206306457519,-0.0441095232963562,0.508111298084259,-0.3064340949058532,-0.9538155198097228,9.458755301878211,324.52234353232365,0.0334862023591995,-0.1191458106040954,-0.0419433712959289,0.2063925862312317,-0.6832759380340576,-0.9975844621658324,9.458755301878211,324.52234353232365,-0.0021006613969802,-0.0876969099044799,0.0811079144477844,-0.0507031232118606,-0.3737364709377289,-0.8001337051391602,9.458755301878211,324.52234353232365,0.0640830472111702,-0.0153367519378662,-0.0259705781936645,-0.3255744576454162,-0.3571979403495788,-0.699995219707489,9.458755301878211,324.52234353232365,-0.3224377334117889,-0.0277005434036254,0.0116205215454101,-0.088870882987976,0.313028872013092,-1.2049587965011597,9.458755301878211,324.52234353232365,-0.1330093890428543,0.0820978879928588,-0.0324752330780029,0.1916774213314056,-0.2231549471616745,-0.8245981335639954,9.458755301878211,324.52234353232365,-0.0304856300354003,0.1676950752735138,-0.0816829800605773,-0.1945920884609222,-0.2695471942424774,-0.8182563781738281,9.458755301878211,324.52234353232365,0.0379667580127716,0.0367723554372787,-0.01564222574234,-0.1733237504959106,-0.16885307431221,-0.5187005400657654,9.458755301878211,324.52234353232365,-0.0058623701333999,-0.0149898678064346,0.0124279260635375,-0.1355803608894348,-0.0948323830962181,-0.0793900415301323,9.458755301878211,324.52234353232365,-0.0612656474113464,-0.0217122435569763,-0.029892086982727,0.0102207064628601,0.1231896951794624,0.1366585940122604,9.458755301878211,324.52234353232365,-0.0258941501379013,-0.0935672521591186,0.0191101431846618,0.0827507227659225,0.2354331314563751,0.5814561247825623,9.458755301878211,324.52234353232365,-0.0833545923233032,-0.0060376673936843,0.1095002293586731,-0.2527397871017456,0.3425087332725525,1.0418306589126587,9.458755301878211,324.52234353232365,-0.0720991343259811,-0.0817385911941528,0.2031803727149963,-0.5096234679222107,0.3809147179126739,1.3896794319152832,9.458755301878211,324.52234353232365,-0.0319168716669082,0.0880284458398819,0.1101225018501281,-1.0707454681396484,0.3598808050155639,1.5957717895507812,9.458755301878211,324.52234353232365,0.0350809097290039,0.1759893596172332,0.0311185717582702,-0.743537962436676,0.4959560632705688,0.3767207562923431,9.458755301878211,324.52234353232365,0.1609868258237838,0.0011954009532928,-0.0248453617095947,-0.7492223978042603,0.159205213189125,0.2019302546977996,9.458755301878211,324.52234353232365,0.1218156367540359,-0.0042348019778728,0.0856354832649231,-0.3949562609195709,-0.1336556822061538,-0.0032619202975183,9.458755301878211,324.52234353232365,0.2033583223819732,0.0446628332138061,0.1114349961280822,-0.6216935515403748,-0.3314989805221557,0.706154465675354,9.458755301878211,324.52234353232365,0.0957873165607452,0.1086370199918747,0.0486862063407897,-0.6058366894721985,-0.066999152302742,0.7314473390579224,9.458755301878211,324.52234353232365,-0.0757816731929779,0.0807977020740509,0.0370265245437622,-0.2926034331321716,0.2225469052791595,0.2585448026657104,9.458755301878211,324.52234353232365,0.0056807994842529,0.0311980098485946,-0.2177290916442871,-0.2419530600309372,-0.1105045527219772,0.2248149514198303,9.458755301878211,324.52234353232365,0.0753864347934722,-0.0680994093418121,-0.1861724257469177,0.202968418598175,-0.3343845307826996,0.27438685297966,9.458755301878211,324.52234353232365,-0.0121332108974456,0.0880118608474731,-0.1377995014190673,0.4554605185985565,-0.2561565637588501,0.3657504022121429,9.458755301878211,324.52234353232365,0.0066472887992858,0.0920218080282211,-0.1257174015045166,0.4913452863693237,-0.1768510788679123,0.5517171621322632,9.458755301878211,324.52234353232365,-0.0825623273849487,0.0656237229704856,-0.1070422530174255,0.5135616064071655,-0.0929524600505828,0.3115690648555755,9.458755301878211,324.52234353232365,-0.0796934813261032,0.0787266939878463,-0.0901030302047729,0.7623904943466187,0.0628414005041122,-0.2613933682441711,9.458755301878211,324.52234353232365,0.0012459009885787,-0.001632809638977,-0.0092872977256774,0.6809476017951965,-0.26468425989151,0.0240139439702034,9.458755301878211,324.52234353232365,0.0207503139972686,-0.0019371658563613,0.0656908750534057,0.6664280891418457,-0.2886926531791687,0.1430302411317825,9.458755301878211,324.52234353232365,-0.010912999510765,0.005275160074234,0.0818394422531127,0.5447098016738892,-0.1945126503705978,0.1394089162349701,9.458755301878211,324.52234353232365,-0.0349953174591064,0.0003901720046997,0.0735857486724853,0.3777734339237213,-0.155816912651062,0.1188446134328842,9.458755301878211,324.52234353232365,-0.0424026697874069,-0.0142353475093841,0.0450672507286071,0.165946289896965,-0.0099220219999551,0.0861672610044479,9.458755301878211,324.52234353232365,-0.0717484205961227,-0.0144163072109222,0.0002245903015136,0.143280804157257,-0.0776209086179733,-0.022482918575406,9.458755301878211,324.52234353232365,-0.0443420484662056,-0.0003571808338165,-0.0093322396278381,0.3728424310684204,-0.1689380407333374,-0.1147259250283241,9.458755301878211,324.52234353232365,-0.0234065353870391,-0.0028928518295288,0.0229946374893188,0.3184273540973663,-0.2319646775722503,-0.1437578499317169,9.458755301878211,324.52234353232365,-0.0240212082862854,0.0033026933670043,0.0242926478385925,0.3113425672054291,-0.2867720127105713,-0.1851287186145782,9.458755301878211,324.52234353232365,0.0023185163736343,-0.0209975242614746,0.0214579701423645,0.1043351665139198,-0.2199317216873169,-0.12558014690876,9.458755301878211,324.52234353232365,0.0073132663965225,-0.0258443057537078,0.0192788839340209,0.0797342434525489,-0.0975080579519271,-0.0406300649046897,9.458755301878211,324.52234353232365,-0.0298854038119316,-0.050475388765335,0.0376606583595275,-0.0258114896714687,-0.1531409621238708,-0.0498283207416534,9.458755301878211,324.52234353232365,-0.1192587018013,-0.0909399092197418,0.1027057766914367,-0.1897812932729721,-0.0239414330571889,-0.2132101953029632,9.458755301878211,324.52234353232365,0.0174974277615547,0.0625815391540527,0.0162684917449951,-0.211098626255989,-0.0854378193616867,-0.2354947924613952,9.458755301878211,324.52234353232365,0.0324870124459266,-0.0227166712284088,0.0206357240676879,-0.3716565370559692,-0.002444396726787,-0.005967425648123,9.458755301878211,324.52234353232365,-0.0465260967612266,-0.028867483139038,0.0077375769615173,-0.2185939103364944,0.0049139163456857,-0.0774308890104293,9.458755301878211,324.52234353232365,-0.0695172250270843,0.0199896693229675,-0.0209913849830627,-0.1430156081914901,0.0328776389360427,-0.0773406475782394,9.458755301878211,324.52234353232365,-0.0161177441477775,0.0132382810115814,-0.0006241202354431,-0.1839094161987304,-0.0161367729306221,-0.2697152197360992,9.458755301878211,324.52234353232365,-0.0454173162579536,0.0093774795532226,0.0429698824882507,-0.3197083175182342,-0.0948164090514183,-0.3365450203418731,9.458755301878211,324.52234353232365,-0.0267646834254264,-0.0232611000537872,0.0470972657203674,-0.4050520062446594,-0.1896363943815231,-0.4068747162818908,9.458755301878211,324.52234353232365,0.0142402946949005,-0.0223286002874374,0.0192107558250427,-0.6143484711647034,-0.1822186857461929,-0.3920378386974334,9.458755301878211,324.52234353232365,0.0427038148045539,-0.0754510015249252,0.0791034698486328,-0.2886787056922912,0.0029780659824609,-0.3105946481227875,9.458755301878211,324.52234353232365,0.0109692811965942,-0.0777691155672073,0.0344316363334655,-0.5603399276733398,0.0341823250055313,-0.1896392405033111,9.458755301878211,324.52234353232365,0.0305483303964138,-0.0377288907766342,0.0081146955490112,-0.4990233182907104,0.1005115509033203,-0.2759491205215454,9.458755301878211,324.52234353232365,0.0146642439067363,0.0416575074195861,-0.0595386624336242,-0.6237033605575562,0.1190197169780731,-0.302974134683609,9.458755301878211,324.52234353232365,0.0236525274813175,0.0561286471784114,-0.0190004706382751,-0.4356161057949066,0.2517982721328735,-0.252848744392395,9.458755301878211,324.52234353232365,0.0038903653621673,0.1056357622146606,-0.0481572747230529,-0.2582891285419464,0.1185861527919769,-0.0733175724744796,9.458755301878211,324.52234353232365,-0.006753422319889,0.057690717279911,-0.0277572870254516,-0.0923331826925277,-0.2116636633872985,0.0669002532958984,9.458755301878211,324.52234353232365,0.0016150586307048,-0.0396874248981475,0.0358070135116577,-0.1856989413499832,-0.2029066532850265,0.1732383072376251,9.458755301878211,324.52234353232365,-0.0258482359349727,0.0194622874259948,0.0388615131378173,-0.1931818425655365,0.0793529972434043,0.0739271715283393,9.458755301878211,324.52234353232365,0.0031745433807373,-0.0773094221949577,0.0234116315841674,-0.2142357677221298,0.0294336415827274,0.1353055536746978,9.458755301878211,324.52234353232365,0.0235753022134304,0.0212174803018569,-0.0191107988357543,-0.2342047244310379,-0.2334797531366348,0.1118432283401489,9.458755301878211,324.52234353232365,-0.0288763046264648,0.0229528695344924,-0.0560448169708251,0.0245121605694293,-0.0795421078801155,0.1192772462964057,9.458755301878211,324.52234353232365,-0.0210582725703716,0.008566677570343,0.0037524104118347,-0.0825307518243789,-0.0369326025247573,-0.0302994959056377,9.458755301878211,324.52234353232365,-0.0259678065776824,0.0009381473064422,-0.0045371651649475,-0.0235471371561288,0.041711613535881,-0.0324287936091423,9.458755301878211,324.52234353232365,0.0024458020925521,0.015652373433113,-0.0109004378318786,0.0030446592718362,-0.000547694042325,-0.0444221049547195,9.458755301878211,324.52234353232365,0.0002877637743949,-0.0026100873947143,0.0223438143730163,-0.1954968720674514,0.1584161221981048,0.0544325001537799,9.458755301878211,324.52234353232365,0.0193664282560348,0.0130602717399597,-0.0110476016998291,-0.0527637973427772,0.082627885043621,0.0188541337847709,9.458755301878211,324.52234353232365,0.0090605458244681,0.0163004994392395,0.0082753896713256,0.0029410091228783,-0.0115625280886888,0.0288727469742298,9.458755301878211,324.52234353232365,-0.0004090070724487,0.002051830291748,-0.0195999145507812,0.0278911534696817,-0.0957250744104385,0.0730555206537246,9.458755301878211,324.52234353232365,0.0048466548323631,0.0058623552322387,0.0392890572547912,-0.0050415499135851,0.0532020851969718,-0.0301190018653869,9.458755301878211,324.52234353232365,-0.0069400817155838,0.0058482587337493,-0.0062997937202453,-0.0250808261334896,0.0541560277342796,-0.0641786307096481,9.458755301878211,324.52234353232365,0.0152338966727256,-0.0158752501010894,0.0055220127105712,-0.0719999447464943,-0.0262919403612613,0.0110759399831295,9.458755301878211,324.52234353232365,-0.005112275481224,0.044057011604309,0.0051796436309814,0.0235560070723295,0.0323817580938339,0.0118224564939737,9.458755301878211,324.52234353232365,0.0057719275355339,-0.005979835987091,0.0293565392494201,-0.1008530855178833,0.0341865867376327,0.018699737265706,9.458755301878211,324.52234353232365,-0.0149139538407325,0.001525193452835,-0.0067543983459472,-0.0231101121753454,-0.0034015364944934,0.0401594564318656,9.458755301878211,324.52234353232365,-0.0018937811255455,0.0380312651395797,0.0166787505149841,0.0782155469059944,0.0614323206245899,-0.0321616791188716,9.458755301878211,324.52234353232365,0.0046097561717033,-0.0019063800573349,-0.0047062635421752,-0.0128642134368419,0.0032816650345921,-0.0174423549324274,9.458755301878211,324.52234353232365,0.001560254022479,0.0035754144191741,0.0002813339233398,0.1660675257444381,0.0126133821904659,-0.0090576242655515,9.458755301878211,324.52234353232365,0.0028735753148794,0.0229845494031906,-0.0089815855026245,0.1048978120088577,0.0167817622423172,-0.0134080983698368,9.458755301878211,324.52234353232365,0.0010982900857925,-0.0160587430000305,0.0124787092208862,0.0085025951266288,0.0406956151127815,0.0056293429806828,9.458755301878211,324.52234353232365,0.002414159476757,-0.0082011371850967,0.0010976791381835,0.0213600695133209,0.0256836451590061,0.0290639623999595,9.458755301878211,324.52234353232365,-0.0039627403020858,-0.0034204721450805,0.0158649086952209,0.0246709380298852,0.0555030591785907,0.051281414926052,9.458755301878211,324.52234353232365,0.0331209637224674,0.0022917836904525,-0.0067024827003479,-0.0320262983441352,-0.0501248314976692,-0.0211070626974105,9.458755301878211,324.52234353232365,-0.0093132331967353,-0.0113258212804794,0.0126492381095886,-0.0145487952977418,0.0062862439081072,-0.0106889437884092,9.458755301878211,324.52234353232365,-0.0021389350295066,0.0256227105855941,-0.0284684300422668,0.1370732188224792,-0.0763183608651161,-0.0480055548250675,9.458755301878211,324.52234353232365,0.001365415751934,-0.0133792906999588,0.0479021668434143,0.0923286229372024,-0.0087856501340866,-0.0133026037365198,9.458755301878211,324.52234353232365,-0.004277303814888,0.0130016058683395,-0.0194277763366699,0.0095457015559077,-0.0013607563450932,-0.0159219559282064,9.458755301878211,324.52234353232365,-0.0007054954767227,0.0016979575157165,-0.0002904534339904,-0.0106426300480961,0.0111624915152788,0.0362423434853553,9.458755301878211,324.52234353232365,-0.0040064416825771,-0.0099434256553649,0.0144003033638,0.0782060474157333,0.0582173503935337,0.0295334085822105,9.458755301878211,324.52234353232365,0.0022221207618713,-0.0141193866729736,-0.0111286640167236,-0.0921825021505355,-0.0372385941445827,-0.0002456242218613,9.458755301878211,324.52234353232365,0.0026321113109588,-0.0083866417407989,-0.0003239512443542,-0.1189659312367439,0.0263241343200206,-0.0311293378472328,9.458755301878211,324.52234353232365,-0.0059910155832767,-0.0063284933567047,-0.0021063089370727,-0.0058367964811623,-0.00381725654006,0.0087865535169839,9.458755301878211,324.52234353232365,-0.0021260008215904,0.0048791468143463,-0.0045095086097717,-0.006309347692877,-0.0045102108269929,-0.0226607844233512,9.458755301878211,324.52234353232365,,,,,,,,,Meal
2023-02-18 19:43:12.629801,-0.0049153864383697,0.0096697211265563,-0.0112094283103942,-0.0830387845635414,-0.0195709280669689,-0.0577248409390449,7.1393864571482455,178.81912919523802,-0.0107467100024223,-0.0054103732109069,-0.0020599365234375,0.0581240393221378,0.0296320375055074,-0.0072380285710096,7.1393864571482455,178.81912919523802,-0.0052974820137023,0.0211939215660095,-0.009093701839447,0.0156806837767362,-0.0245009697973728,0.0013537616468966,7.1393864571482455,178.81912919523802,0.0031513944268226,-0.0251704156398773,0.0167281031608581,0.0472218059003353,-0.0165591593831777,0.0136095294728875,7.1393864571482455,178.81912919523802,0.0051234662532806,0.0094678997993469,0.0311858057975769,0.1425727158784866,0.0099760452285408,-0.012594910338521,7.1393864571482455,178.81912919523802,-0.015523038804531,-0.0010249316692352,-0.0032389163970947,-0.0333954133093357,0.0234854631125926,-0.0281182434409856,7.1393864571482455,178.81912919523802,0.0131762772798538,0.0074285268783569,-0.0347064137458801,-0.0059895385056734,-0.0133585724979639,0.0007097094785422,7.1393864571482455,178.81912919523802,0.017061561346054,0.0350354611873626,-0.0223910212516784,0.0663700625300407,-0.0274427011609077,0.0073904814198613,7.1393864571482455,178.81912919523802,0.0036360621452331,0.0080940127372741,0.022554874420166,-0.0018002798315137,0.0223613418638706,0.011923149228096,7.1393864571482455,178.81912919523802,-0.0046619176864624,0.0163633227348327,0.0171816349029541,0.0027634194120764,-0.0135015845298767,0.0326195061206817,7.1393864571482455,178.81912919523802,0.0010916739702224,-0.0123525857925415,-0.01318359375,-0.0406499952077865,-0.0187749098986387,0.0262285862118005,7.1393864571482455,178.81912919523802,0.0042245760560035,-0.0082707107067108,0.0051738619804382,-0.0248557981103658,-0.0439777374267578,0.0297902952879667,7.1393864571482455,178.81912919523802,-0.0035563111305236,0.0026652812957763,-0.0021058320999145,0.0095732025802135,-0.0537675134837627,-0.0261646825820207,7.1393864571482455,178.81912919523802,0.0018632113933563,0.0128102898597717,-0.0030408501625061,0.0059562833048403,-0.0283140856772661,-0.0344185829162597,7.1393864571482455,178.81912919523802,-0.0109886974096298,-0.0285453796386718,0.0180312395095825,-0.0170062910765409,-0.0117076784372329,0.0050299558788537,7.1393864571482455,178.81912919523802,0.0035001188516616,0.0035495162010192,0.0128113627433776,-0.067980870604515,0.0046619731001555,0.0005321099888533,7.1393864571482455,178.81912919523802,-0.0050746127963066,0.0150685012340545,-0.0185487270355224,-0.0372794196009635,0.0064646666869521,0.0304671041667461,7.1393864571482455,178.81912919523802,0.0072883889079093,0.0304175913333892,0.0225093960762023,0.1488804221153259,0.0655056163668632,0.0114284660667181,7.1393864571482455,178.81912919523802,0.0133494213223457,-0.0022388398647308,-0.0037928223609924,0.0262645911425352,-0.0338310897350311,0.0306475013494491,7.1393864571482455,178.81912919523802,0.0050339996814727,0.0037852227687835,-0.0158203840255737,0.026063123717904,-0.0044188727624714,-0.0099134072661399,7.1393864571482455,178.81912919523802,0.0113784074783325,0.0084026455879211,0.0024817585945129,0.0113441245630383,-0.0129164867103099,-0.0044969702139496,7.1393864571482455,178.81912919523802,-0.0063509494066238,0.0080625414848327,-0.0049351453781127,0.0333486795425415,0.0029402393847703,0.0021057720296084,7.1393864571482455,178.81912919523802,0.0074682533740997,0.0124958753585815,0.0109434127807617,0.0554366447031497,-0.0044143456034362,0.0082431929185986,7.1393864571482455,178.81912919523802,0.0086813569068908,0.002975970506668,0.0052888393402099,0.037472665309906,0.005034549627453,0.00189601466991,7.1393864571482455,178.81912919523802,0.0027822107076644,-0.0019474029541015,-8.928775787353516e-05,0.0111913923174142,0.0056766378693282,-0.0055227200500667,7.1393864571482455,178.81912919523802,-0.005139797925949,-0.011107325553894,0.0084726214408874,0.0059551382437348,0.0180054754018783,-0.0106285996735095,7.1393864571482455,178.81912919523802,0.0144762471318244,-0.0044436752796173,0.0068408846855163,0.02113888412714,-0.0306685864925384,0.0241869054734706,7.1393864571482455,178.81912919523802,0.008956104516983,-0.005516231060028,0.0163577795028686,0.0706164240837097,0.1350431591272354,-0.3624817132949829,7.1393864571482455,178.81912919523802,0.0066636204719543,-0.0161938667297363,0.0057369470596313,-0.0494011156260967,-0.0029434817843139,0.0127458991482853,7.1393864571482455,178.81912919523802,0.0080692321062088,-0.0073603093624114,0.0033546686172485,0.0330100581049919,-0.0177802182734012,0.0261997561901807,7.1393864571482455,178.81912919523802,0.0029598921537399,0.0152525305747985,-0.0006287097930908,0.0707865729928016,0.491501122713089,-0.545671820640564,7.1393864571482455,178.81912919523802,-0.0031408071517944,-0.0070547461509704,0.0030735731124877,0.0724770426750183,-0.1116166934370994,0.3068136274814605,7.1393864571482455,178.81912919523802,0.0081693604588508,-0.0218418538570404,-0.0127629041671752,-0.0380737856030464,-0.0479972437024116,-0.0726605504751205,7.1393864571482455,178.81912919523802,-0.0051761418581008,0.0021872222423553,0.0148743987083435,0.1130101084709167,-0.0243398528546094,-0.0411341078579425,7.1393864571482455,178.81912919523802,-0.0088536515831947,-0.0260200202465057,-0.0040594935417175,-0.0663821250200271,-0.024579269811511,-0.0087767029181122,7.1393864571482455,178.81912919523802,0.0022983103990554,0.0047131478786468,0.0052073001861572,0.0015527465147897,-0.00943174213171,-0.0016623681876808,7.1393864571482455,178.81912919523802,0.0004335641860961,-0.0138551294803619,0.000415027141571,-0.0486175045371055,0.0022395621053874,-0.031491070985794,7.1393864571482455,178.81912919523802,0.0023745745420455,-0.0162340700626373,0.0016088485717773,0.0207193046808242,0.0007551163434982,0.0078025069087743,7.1393864571482455,178.81912919523802,-0.0088882446289062,0.001984417438507,0.0043844580650329,0.0511463172733783,0.0212188456207513,0.0106726288795471,7.1393864571482455,178.81912919523802,0.0100405812263488,0.0047544240951538,-0.0046068429946899,-0.0535051263868808,-0.0045693418942391,0.021778043359518,7.1393864571482455,178.81912919523802,0.0081436187028884,0.028335690498352,0.0120870471000671,0.0481279976665973,-0.0120725315064191,0.0068631758913397,7.1393864571482455,178.81912919523802,-0.0007793307304382,-0.0063526630401611,0.0052824616432189,0.0298814829438924,0.0012720362283289,-0.007817399688065,7.1393864571482455,178.81912919523802,0.0119209885597229,-0.0164659023284912,0.0100731253623962,-0.0578765459358692,0.0198590364307165,-0.0178280211985111,7.1393864571482455,178.81912919523802,-0.0287095606327056,-0.0489826798439025,0.0036170482635498,-0.0581364445388317,0.035290990024805,-0.0011862948304042,7.1393864571482455,178.81912919523802,0.0182927846908569,-0.0092107653617858,-0.0109882354736328,0.095128558576107,-0.023278048262,-0.0098430663347244,7.1393864571482455,178.81912919523802,0.0232521668076515,0.0546434819698333,-0.0267383456230163,0.078543983399868,-0.0112717188894748,0.0298573412001132,7.1393864571482455,178.81912919523802,0.0023850724101066,-0.0232214629650115,0.0147258639335632,-0.017815651372075,0.0062422933988273,-0.0022411062382161,7.1393864571482455,178.81912919523802,0.0010888427495956,-0.0285776853561401,-0.0138019919395446,-0.0596258975565433,-0.014655265957117,-0.0098301833495497,7.1393864571482455,178.81912919523802,0.0116538181900978,0.0063982903957366,-0.0169009566307067,0.0971819087862968,-0.0039823804982006,-0.0105843571946024,7.1393864571482455,178.81912919523802,0.0011159777641296,0.0222935080528259,-0.0025376081466674,0.0901023745536804,0.0107680689543485,0.0209156442433595,7.1393864571482455,178.81912919523802,0.0027147978544235,0.0210628509521484,0.020364224910736,0.1875163912773132,0.0504086911678314,0.0114564960822463,7.1393864571482455,178.81912919523802,0.0035032629966735,0.0152955055236816,0.0057710409164428,0.0688394010066986,0.0325125120580196,-0.0280315577983856,7.1393864571482455,178.81912919523802,-0.0018396191298961,0.0095039904117584,0.0144039392471313,0.0129740051925182,-0.0082817897200584,0.0044118696823716,7.1393864571482455,178.81912919523802,-0.0051769316196441,0.0257188379764556,0.0190593600273132,0.0179773140698671,-0.0135146342217922,-0.009251045063138,7.1393864571482455,178.81912919523802,-0.0020011216402053,-0.0064125657081604,0.0001528263092041,-0.0278903637081384,-0.0531499274075031,0.0318194255232811,7.1393864571482455,178.81912919523802,0.0055134519934654,0.0256063044071197,0.0086275339126586,0.1060360968112945,-0.0025472030974924,0.0657716318964958,7.1393864571482455,178.81912919523802,0.0036979690194129,-0.0112990736961364,0.0036494731903076,0.0778795555233955,0.0303462985903024,0.1903197616338729,7.1393864571482455,178.81912919523802,-0.0496643930673599,0.0586960315704345,0.0093058347702026,0.2904345691204071,0.1606166809797287,0.256991446018219,7.1393864571482455,178.81912919523802,0.034041903913021,0.1423742473125457,-0.0176289081573486,0.2419402599334716,-0.0117745250463485,0.1466808319091797,7.1393864571482455,178.81912919523802,-0.0137043893337249,0.0616693496704101,-0.0529243946075439,0.1838183552026748,-0.5175000429153442,-0.259938895702362,7.1393864571482455,178.81912919523802,-0.1661198288202285,0.0971177667379379,0.0791250467300415,0.842488169670105,-0.0818042084574699,-0.8228791952133179,7.1393864571482455,178.81912919523802,-0.0818697735667228,-0.0109663680195808,0.0295626521110534,1.1659663915634155,-0.0408687591552734,-0.7075967788696289,7.1393864571482455,178.81912919523802,0.0438243001699447,-0.0821335017681121,-0.0014904141426086,0.9241747856140136,0.1070128455758094,-0.3593442738056183,7.1393864571482455,178.81912919523802,0.0343557894229888,0.0470527485013008,0.0055574178695678,0.6402830481529236,0.2666089236736297,-0.2506668865680694,7.1393864571482455,178.81912919523802,0.1854830980300903,-0.0525970160961151,0.0492751598358154,0.4359322786331177,0.5394907593727112,-0.1715187728404998,7.1393864571482455,178.81912919523802,0.0207096710801124,0.0060641318559646,-0.003209114074707,0.9274516105651855,0.5115100145339966,0.0915488004684448,7.1393864571482455,178.81912919523802,-0.0022942572832107,0.122300386428833,-0.0671871900558471,-0.0999181643128395,0.5597392916679382,-0.2959443926811218,7.1393864571482455,178.81912919523802,-0.0892146304249763,-0.0694693922996521,0.0022392868995666,-0.6243962645530701,0.2042933255434036,0.1186208352446556,7.1393864571482455,178.81912919523802,0.0582747012376785,-0.0921739786863327,0.0194746255874633,-1.2436459064483645,0.5140075087547302,-0.1177602410316467,7.1393864571482455,178.81912919523802,0.1111078560352325,-0.4698244333267212,0.1073777675628662,-7.885945320129394,-1.2468098402023315,1.09637451171875,7.1393864571482455,178.81912919523802,0.0079766511917114,0.1564559936523437,-0.0354619026184082,-4.424796104431152,-1.702351450920105,0.2339706271886825,7.1393864571482455,178.81912919523802,-0.0068924129009246,-0.0790914893150329,0.1593052446842193,-2.163215160369873,-0.3373430371284485,0.205595389008522,7.1393864571482455,178.81912919523802,0.0272135436534881,-0.0900419950485229,0.0001631379127502,-0.398670345544815,0.0465156808495521,0.4381172060966491,7.1393864571482455,178.81912919523802,0.1546052694320678,0.6424909830093384,0.5769223570823669,10.079036712646484,2.013188123703003,-1.7725473642349243,7.1393864571482455,178.81912919523802,0.3436110317707062,-0.3215345740318298,0.2851725220680237,3.337333917617798,-0.0219752304255962,-2.943462610244751,7.1393864571482455,178.81912919523802,0.0001240149140357,-0.6295840740203857,0.2073225378990173,0.4114659130573272,-0.216413676738739,-0.5728294849395752,7.1393864571482455,178.81912919523802,-0.1682851016521453,-0.1982025504112243,0.0798454284667968,0.3523458540439605,0.1027427315711975,-0.6308954358100891,7.1393864571482455,178.81912919523802,-0.0903423726558685,-0.0876280069351196,0.0873280763626098,0.0299309380352497,-0.10171639919281,-0.3503656685352325,7.1393864571482455,178.81912919523802,-0.0527699962258338,-0.0107043385505676,0.0993052124977111,-0.5110944509506226,-0.1053694561123848,0.0734481886029243,7.1393864571482455,178.81912919523802,0.1017073094844818,-0.0808289647102356,-0.2930681109428406,-0.5925285816192627,-0.1348818093538284,-0.0779880285263061,7.1393864571482455,178.81912919523802,0.0147947408258914,0.0714540481567382,-0.0564113855361938,-0.1763514429330825,-0.0963690355420112,0.0280778519809246,7.1393864571482455,178.81912919523802,0.0146493501961231,0.0885018110275268,-0.0124715566635131,0.0643506720662117,-0.0467916280031204,0.0210086554288864,7.1393864571482455,178.81912919523802,0.026962075382471,-0.0270588248968124,0.0110713243484497,0.0274692978709936,-0.069766454398632,0.0228622164577245,7.1393864571482455,178.81912919523802,-0.0070305000990629,-0.0115056931972503,0.0099900364875793,-0.1178972199559211,-0.0382881537079811,0.1517214626073837,7.1393864571482455,178.81912919523802,-0.0259436257183551,-0.0281536877155303,0.0008227825164794,0.162318617105484,0.0381506904959678,0.8331671953201294,7.1393864571482455,178.81912919523802,-0.0056340023875236,0.0390704274177551,-0.0089370012283325,0.4985302686691284,-0.0630105510354042,0.4621852338314056,7.1393864571482455,178.81912919523802,0.0285794697701931,0.0208273828029632,-0.0238288640975952,0.504433274269104,0.0011644437909126,0.683458149433136,7.1393864571482455,178.81912919523802,0.022505410015583,0.0232977867126464,-0.014441967010498,0.3460361063480377,-0.0703938901424408,0.2259365767240524,7.1393864571482455,178.81912919523802,-0.0468594059348106,-0.0033183097839355,-0.0048475861549377,0.2485973089933395,-0.1210208460688591,-0.1211629286408424,7.1393864571482455,178.81912919523802,-0.0037778094410896,-0.0310940742492675,-0.0516442656517028,0.433524340391159,-0.1755064725875854,-0.2290068417787552,7.1393864571482455,178.81912919523802,-0.0330105796456337,-0.0359858870506286,-0.0325418710708618,0.1867251247167587,-0.1167491450905799,-0.2012022137641906,7.1393864571482455,178.81912919523802,-0.06032345443964,-0.0298582315444946,0.1176604032516479,0.4853119850158691,0.0392026416957378,-0.1565737873315811,7.1393864571482455,178.81912919523802,0.0217751711606979,0.0160270035266876,0.1026954650878906,0.0402630679309368,0.0469361916184425,0.0185121409595012,7.1393864571482455,178.81912919523802,0.0178895704448223,-0.0543660223484039,-0.0139560103416442,-0.751602828502655,0.394473671913147,-0.2510470747947693,7.1393864571482455,178.81912919523802,-0.0613489300012588,-0.0449408888816833,0.1394999623298645,-0.8315531015396118,1.1794408559799194,0.5768346190452576,7.1393864571482455,178.81912919523802,0.0778962522745132,-0.0260964035987854,-0.3218498229980469,-0.2061207294464111,0.2815098166465759,-0.1573499888181686,7.1393864571482455,178.81912919523802,0.0064598768949508,-0.0232424437999725,-0.0142640471458435,-0.0873303338885307,-0.0083638131618499,0.0251228082925081,7.1393864571482455,178.81912919523802,0.0304611921310424,-0.1120705008506774,0.0218895673751831,0.7010173797607422,-0.3141069710254669,0.6498233675956726,7.1393864571482455,178.81912919523802,0.0532852411270141,-0.0958423018455505,0.045897901058197,0.036826979368925,-0.0623910948634147,-0.4589473903179168,7.1393864571482455,178.81912919523802,,,,,,,,,Hobby
2023-02-18 19:43:32.657322,0.0246375054121017,-0.023802101612091,0.023029088973999,-0.0592050105333328,0.0378414988517761,-0.0309901963919401,7.1393864571482455,178.81912919523802,0.0023056864738464,0.0184224396944046,0.000218391418457,-0.1551604568958282,0.0062886318191885,0.0221211574971675,7.1393864571482455,178.81912919523802,0.0055069625377655,0.0153082609176635,0.0020855069160461,-0.1063624024391174,-0.0266320332884788,0.0149425417184829,7.1393864571482455,178.81912919523802,-0.0091575123369693,-0.0231189131736755,0.0081619024276733,-0.1180982664227485,-0.0039642718620598,0.0052708052098751,7.1393864571482455,178.81912919523802,0.0049519762396812,0.011469230055809,0.0004531145095825,-0.0579554289579391,-0.003935242537409,-0.0147979436442255,7.1393864571482455,178.81912919523802,0.0026601254940032,-5.24669885635376e-05,0.0031781792640686,-0.0629857927560806,-0.011717265471816,-0.0015963549958541,7.1393864571482455,178.81912919523802,-0.0052784346044063,0.0053118765354156,0.0004087686538696,-0.0157563351094722,-0.0193624030798673,0.0002594022080302,7.1393864571482455,178.81912919523802,2.8602778911590576e-05,0.0166331678628921,-0.0075906515121459,0.0518492572009563,-0.0374167710542678,-0.0251517817378044,7.1393864571482455,178.81912919523802,-0.0003067925572395,0.0014106631278991,0.0032126903533935,-0.00262066652067,-0.007370454724878,-0.0061126770451664,7.1393864571482455,178.81912919523802,0.0001442097127437,0.0018599182367324,0.0001273155212402,-0.0389547049999237,-0.0046420455910265,-0.0096697947010397,7.1393864571482455,178.81912919523802,-0.0013374239206314,0.0004418790340423,0.0066116452217102,-0.0419326499104499,-0.00517920544371,-0.038060687482357,7.1393864571482455,178.81912919523802,0.0017178989946842,-0.0086876451969146,0.0080422759056091,-0.0188233368098735,0.0013274294324219,-0.0348819382488727,7.1393864571482455,178.81912919523802,0.0023798458278179,0.0093190968036651,-0.0037851929664611,0.001589817693457,0.0024464898742735,-0.0088465111330151,7.1393864571482455,178.81912919523802,0.0011887960135936,-0.0126571357250213,0.0048710107803344,-0.0833614245057106,0.0294650569558143,0.0066900704987347,7.1393864571482455,178.81912919523802,0.0079040080308914,-0.0102001279592514,0.0011333227157592,-0.0258118994534015,-0.0246088318526744,-0.0054394965991377,7.1393864571482455,178.81912919523802,0.0016332529485225,0.008982241153717,-0.0080595612525939,-0.0137163549661636,0.0029357122257351,0.0107575831934809,7.1393864571482455,178.81912919523802,-0.000799786299467,0.0102912485599517,-0.0018762946128845,-0.0165903568267822,0.0050630453042685,-0.0190285090357065,7.1393864571482455,178.81912919523802,0.005939919501543,-0.0008240640163421,0.0049656629562377,-0.0445947460830211,0.0086375400424003,0.0007772538810968,7.1393864571482455,178.81912919523802,0.0034063123166561,0.0034215152263641,0.0011626482009887,0.0272851940244436,-0.0252996534109115,-0.0035836058668792,7.1393864571482455,178.81912919523802,-0.0029333978891372,0.0098520666360855,0.0029371976852416,0.0812263265252113,-0.036327801644802,-0.0227514076977968,7.1393864571482455,178.81912919523802,0.0062490254640579,-0.010447546839714,0.0115174055099487,-0.014287362806499,-0.0086509026587009,-0.0018727579154074,7.1393864571482455,178.81912919523802,0.0024951361119747,0.0008427649736404,0.0010472536087036,-0.0250503681600093,-0.005054569337517,-0.0112922247499227,7.1393864571482455,178.81912919523802,-0.0017414465546607,0.0078804492950439,-0.0001466870307922,0.0071219489909708,-0.0079222619533538,0.0051252301782369,7.1393864571482455,178.81912919523802,-0.0003612264990806,0.0001719146966934,0.0053642392158508,-0.0458832904696464,0.0009473962709307,0.0016303309239447,7.1393864571482455,178.81912919523802,-0.0038086995482444,0.0051629394292831,0.0051118731498718,-0.0022863866761326,0.0019151889719069,-0.0102797243744134,7.1393864571482455,178.81912919523802,0.0014803037047386,-0.0028126239776611,0.0012305974960327,-0.0010680970735847,-0.0012923222966492,0.0048681357875466,7.1393864571482455,178.81912919523802,0.001207023859024,-0.0053492337465286,0.006194531917572,-0.0164024177938699,-0.0054758819751441,-0.0032686204649508,7.1393864571482455,178.81912919523802,-0.0005467981100082,0.0005485713481903,0.0004869699478149,-0.0233573429286479,-0.0030854283832013,-0.0070976135320961,7.1393864571482455,178.81912919523802,0.0016219094395637,0.0024847090244293,0.0010834336280822,0.0003368536126799,-0.007655678782612,-0.0082862488925457,7.1393864571482455,178.81912919523802,0.0008097402751445,0.0013971030712127,0.0015554428100585,-0.0164202619343996,-0.0034172576852142,-0.004148329142481,7.1393864571482455,178.81912919523802,-0.0010343231260776,0.0077733844518661,0.0045070648193359,-0.0032891200389713,-0.0036106039769947,-0.0161300897598266,7.1393864571482455,178.81912919523802,0.0007280595600605,-0.003776416182518,0.003953218460083,-0.0164213273674249,6.056390702724457e-05,-0.0051134587265551,7.1393864571482455,178.81912919523802,0.0036854036152362,0.0055877566337585,0.0034860372543334,0.0091095985844731,-0.0006076232530176,0.0032285605557262,7.1393864571482455,178.81912919523802,-0.001233272254467,-0.002316191792488,0.0066593289375305,-0.0091180335730314,-0.0026883506216108,-0.0064835222437977,7.1393864571482455,178.81912919523802,0.0026861727237701,0.0069583654403686,0.0017753839492797,-0.0051135714165866,-0.0015296093188226,-0.0019412677502259,7.1393864571482455,178.81912919523802,0.003738060593605,0.0037276744842529,-0.0029078125953674,-0.0137838385999202,0.0005284817889332,-0.0039995918050408,7.1393864571482455,178.81912919523802,0.0004941150546073,0.0006479322910308,0.0054625272750854,-0.0124071175232529,0.0014954749494791,-0.0059355432167649,7.1393864571482455,178.81912919523802,0.0054039470851421,-0.0371267348527908,0.0112631916999816,-0.0462533384561538,0.0237475167959928,-0.0005547592882066,7.1393864571482455,178.81912919523802,0.0071928612887859,-0.0065625011920928,0.0034239888191223,-0.0084879295900464,-0.0099830161780118,0.0020042390096932,7.1393864571482455,178.81912919523802,-0.0003650709986686,0.0021743476390838,0.0009052753448486,-0.0116420183330774,-0.0026428108103573,0.009948581457138,7.1393864571482455,178.81912919523802,0.0008117295801639,-0.0011615306138992,0.0012997984886169,-0.009697058238089,-0.0007980396039783,-0.0085354875773191,7.1393864571482455,178.81912919523802,-0.0009728074073791,0.0038351267576217,0.0045728683471679,0.0050860689952969,-0.004467608872801,-0.001250643399544,7.1393864571482455,178.81912919523802,0.0012405104935169,-0.000112161040306,0.0020419955253601,-0.0067032123915851,0.0023956233635544,0.0008163026068359,7.1393864571482455,178.81912919523802,0.0030072703957557,0.0023089051246643,0.002517819404602,-0.0025577095802873,0.0015873545780777,0.004554615356028,7.1393864571482455,178.81912919523802,0.0044446997344493,0.0007653832435607,-0.0020551681518554,-0.0086991712450981,0.0039485124871134,-0.0003886115737259,7.1393864571482455,178.81912919523802,0.0063273459672927,-0.0038581639528274,0.009617269039154,-0.0189494136720895,-0.009379543364048,0.0120233837515115,7.1393864571482455,178.81912919523802,-0.0023616626858711,-0.0050311535596847,0.0068116188049316,-0.008097537793219,0.0038667533081024,-0.0109070660546422,7.1393864571482455,178.81912919523802,0.0011439658701419,-0.0024111270904541,0.0060780048370361,-0.0040908111259341,-0.0045938431285321,-0.0120074842125177,7.1393864571482455,178.81912919523802,0.0036214143037796,0.0003576427698135,0.0052322149276733,-0.0050823860801756,0.0014592558145523,0.0024498519487679,7.1393864571482455,178.81912919523802,-0.0009826086461544,-0.0035531967878341,0.0047502517700195,-0.0451042652130126,-0.0002310527488589,0.0247371830046176,7.1393864571482455,178.81912919523802,-0.0017409846186637,0.0042757987976074,-0.0017081499099731,0.0345623344182968,-0.0130869299173355,-0.0245765056461095,7.1393864571482455,178.81912919523802,-0.0010719299316406,0.0135804563760757,3.057718276977539e-05,0.0436924211680889,-0.0069081294350326,0.0035343910567462,7.1393864571482455,178.81912919523802,0.002770897001028,0.0033535510301589,0.0011051297187805,-0.0036565032787621,0.0014848224818706,0.0001386611256748,7.1393864571482455,178.81912919523802,-0.0013043843209743,-0.0036032646894454,0.0030736327171325,0.001193432835862,0.0020355642773211,-0.0048806648701429,7.1393864571482455,178.81912919523802,0.0020046010613441,0.001974418759346,0.0034025907516479,0.0035219409037381,0.0016906852833926,0.0046543171629309,7.1393864571482455,178.81912919523802,-0.0015872716903686,-0.0052235424518585,0.0126939415931701,-0.0326099917292594,0.0243387389928102,0.0189735684543848,7.1393864571482455,178.81912919523802,0.0004946552217006,-0.0120246410369873,0.0044408440589904,-0.0350499004125595,-0.0240791272372007,0.0372008085250854,7.1393864571482455,178.81912919523802,0.0005138516426086,-0.0067421942949295,0.0069064497947692,-0.042952537536621,-0.0024662432260811,0.0102481869980692,7.1393864571482455,178.81912919523802,0.0004596523940563,0.0032654255628585,0.0009594559669494,0.0146603193134069,-0.0177301503717899,-0.0135659324005246,7.1393864571482455,178.81912919523802,0.0019898228347301,-0.0001695454120635,-0.0004916787147521,0.020142437890172,-0.0138744264841079,-0.0041005252860486,7.1393864571482455,178.81912919523802,0.0049800090491771,-0.0014420449733734,0.0044904351234436,0.0170408394187688,-0.0078743249177932,-0.0044162096455693,7.1393864571482455,178.81912919523802,-0.0005006268620491,-0.0002539604902267,-0.0025472044944763,-0.0062461346387863,-0.0048649529926478,-0.0071031060069799,7.1393864571482455,178.81912919523802,0.000903483480215,-0.0034079402685165,0.0066235661506652,-0.0129043832421302,0.002424918115139,0.0050370134413242,7.1393864571482455,178.81912919523802,-0.0015792176127433,-0.0046921968460083,0.0067997574806213,-0.0249123107641935,0.0033532963134348,-0.0048469761386513,7.1393864571482455,178.81912919523802,0.0020025670528411,-0.0079724937677383,0.0045278072357177,-0.0077057327143847,0.0025516850873827,0.0011495302896946,7.1393864571482455,178.81912919523802,0.0054913908243179,0.0054782181978225,0.0006256699562072,-0.0041299602016806,0.0070830532349646,0.0230524335056543,7.1393864571482455,178.81912919523802,0.0001614764332771,-0.0050135254859924,0.0006664395332336,-0.0292383767664432,-0.0019232244230806,0.0089536905288696,7.1393864571482455,178.81912919523802,0.0035084523260593,-0.0057381987571716,0.0069231986999511,-0.0365267843008041,-0.0072817713953554,0.0061738505028188,7.1393864571482455,178.81912919523802,0.0070217624306678,0.0020221471786499,0.0079336762428283,-0.0469422452151775,-0.0017932620830833,0.0011882793623954,7.1393864571482455,178.81912919523802,0.0042699016630649,0.0096904188394546,-0.0028071999549865,0.0347601547837257,-0.006234882865101,-0.0244198460131883,7.1393864571482455,178.81912919523802,-0.0070168226957321,0.0047331452369689,0.0063403844833374,-0.0048570563085377,-0.0065272976644337,-0.0106277670711278,7.1393864571482455,178.81912919523802,-0.0010954178869724,0.0005301386117935,0.0050918459892272,-0.0006789292674511,0.0028840471059083,0.0005057114176452,7.1393864571482455,178.81912919523802,0.0030435323715209,0.0036550462245941,0.0028064846992492,-0.0054774130694568,-0.0022462657652795,0.0012618491891771,7.1393864571482455,178.81912919523802,0.0030799061059951,0.0021107196807861,0.0010579228401184,-0.0066866744309663,-0.0045208721421658,-0.0063953045755624,7.1393864571482455,178.81912919523802,-0.0004302710294723,0.000945895910263,0.003821849822998,-0.002251312835142,0.0017783027142286,-0.0003056871937587,7.1393864571482455,178.81912919523802,-0.0044874884188175,-0.0033454671502113,0.0056736469268798,-0.0359291695058345,0.009169640019536,0.0230391845107078,7.1393864571482455,178.81912919523802,0.0005353949964046,-0.0035309642553329,0.0004032254219055,-0.0287462752312421,-0.0016049775294959,-0.0014704540371894,7.1393864571482455,178.81912919523802,0.0026491209864616,0.0010420605540275,0.0002060532569885,-0.0024637263268232,-0.0093113668262958,-0.0051862625405192,7.1393864571482455,178.81912919523802,0.0072505213320255,0.0035217702388763,0.0038179159164428,-0.0141384657472372,-0.0067179794423282,-0.0118730934336781,7.1393864571482455,178.81912919523802,-0.0016374289989471,0.0076310783624649,-0.001517117023468,0.058275256305933,-0.0159458331763744,-0.0435509644448757,7.1393864571482455,178.81912919523802,-0.001527652144432,0.0080253258347511,-0.0012696385383605,0.0060878433287143,-0.00397678790614,-0.0047800643369555,7.1393864571482455,178.81912919523802,0.0040968395769596,0.0018986016511917,0.0040804147720336,0.002543895272538,-0.0027480055578052,0.0041071372106671,7.1393864571482455,178.81912919523802,0.0024017095565795,0.0052256062626838,0.0016645789146423,0.0149665027856826,-0.0006238683126866,-0.0034641297534108,7.1393864571482455,178.81912919523802,-0.0006383880972862,0.0038433894515037,-0.0008156299591064,0.0276915393769741,-0.0022065858356654,0.0056947809644043,7.1393864571482455,178.81912919523802,0.0055426098406314,-0.0034489184617996,0.0048611760139465,0.0016936275642365,0.0040574362501502,0.0111576234921813,7.1393864571482455,178.81912919523802,0.004127737134695,-0.0043278187513351,0.0038840174674987,0.0046309349127113,0.0014169118367135,0.0031211350578814,7.1393864571482455,178.81912919523802,0.0010821744799613,-0.0011866092681884,0.0106438994407653,-0.0618310719728469,0.0065363058820366,-0.0071818362921476,7.1393864571482455,178.81912919523802,-0.0006600022315979,0.0012715756893157,0.0020655989646911,-0.0365411378443241,0.0011628456413745,0.0014295952860265,7.1393864571482455,178.81912919523802,0.0013701282441616,0.0010208934545516,0.0039732456207275,-0.0197194125503301,-0.0112133957445621,-0.0002546212635934,7.1393864571482455,178.81912919523802,0.0029333643615245,0.0006051883101463,0.0046713948249816,0.0141088590025901,-0.0057728239335119,0.0015502697788178,7.1393864571482455,178.81912919523802,-0.0008350163698196,0.001284509897232,0.0036587715148925,0.0278906635940074,-0.008359020575881,-0.0253932643681764,7.1393864571482455,178.81912919523802,0.0003443881869316,-0.0033636018633842,0.0070388913154602,0.0075073083862662,-0.0053893285803496,0.0051594520919024,7.1393864571482455,178.81912919523802,0.0031950548291206,-0.0020557269454002,0.0035382509231567,-0.0022973855957388,-0.0055451239459216,-0.0003324521239846,7.1393864571482455,178.81912919523802,0.0023256912827491,-0.0016250610351562,0.0011927485466003,0.0025497807655483,-0.0048140869475901,-0.0007084902608767,7.1393864571482455,178.81912919523802,0.0030903443694114,-0.0033632591366767,0.004047691822052,-0.0063360426574945,0.0021548741497099,0.0029240946751087,7.1393864571482455,178.81912919523802,0.0016079694032669,0.0011369287967681,0.002964973449707,-0.006747581064701,0.00287765590474,0.0043663629330694,7.1393864571482455,178.81912919523802,0.0034693479537963,0.0004834979772567,0.0026873350143432,-0.006848088465631,-0.0024468027986586,-0.0045980373397469,7.1393864571482455,178.81912919523802,0.003732681274414,0.0019399896264076,0.0027860403060913,0.0112305944785475,-0.0016350713558495,0.0007488245610147,7.1393864571482455,178.81912919523802,-0.0027511715888977,-0.0093719586730003,-0.0024268627166748,-0.0304488092660903,0.0275830011814832,0.0194496419280767,7.1393864571482455,178.81912919523802,,,,,,,,,Hobby
2023-02-19 09:42:02.591630,0.0023908466100692,-0.003121018409729,0.0067996978759765,-0.0048363828100264,0.0037009171210229,0.0013699235860258,5.999670658477862,146.8758686426542,-0.0030834376811981,-0.0015425086021423,-0.0039921402931213,-0.0026826844550669,0.0085886167362332,0.0011797739425674,5.999670658477862,146.8758686426542,0.0040818005800247,0.0007793307304382,0.0083474516868591,0.0123606333509087,-0.0125534199178218,0.0027392213232815,5.999670658477862,146.8758686426542,-0.0028261616826057,-0.004087209701538,-0.0011032819747924,0.0003523604536894,-0.0030126450583338,-0.0023886619601398,5.999670658477862,146.8758686426542,0.0065918713808059,-0.0161709785461425,0.0013116002082824,-0.0004511951410677,-0.0016626883298158,0.0038269895594567,5.999670658477862,146.8758686426542,-0.0032065957784652,-0.0057273507118225,7.49826431274414e-05,0.0086299711838364,-0.0052257319912314,0.0033848381135612,5.999670658477862,146.8758686426542,0.0024548172950744,0.0111325979232788,-0.0024575591087341,-0.0083684008568525,0.00784133374691,0.0088363289833068,5.999670658477862,146.8758686426542,0.0026842281222343,-0.0006064772605895,0.0054960250854492,0.0083980094641447,-0.0039508771151304,-0.0062746470794081,5.999670658477862,146.8758686426542,-0.0035884007811546,-0.0080547928810119,-0.0007356405258178,0.0124015398323535,0.0007357541471719,-0.0018775680800899,5.999670658477862,146.8758686426542,0.0007383152842521,-0.003271996974945,0.0107406377792358,-0.0046290289610624,-0.0068097803741693,0.0047926846891641,5.999670658477862,146.8758686426542,-0.0093216076493263,-0.000304639339447,-0.0009756684303283,0.0014610344078391,0.0045765643008053,-0.0082010775804519,5.999670658477862,146.8758686426542,0.0025800988078117,0.0033774971961975,0.0040979385375976,-0.0026326968800276,-0.0009787892922759,0.0025414151605218,5.999670658477862,146.8758686426542,0.0003421008586883,0.0065889954566955,-0.0010324716567993,0.0083548668771982,0.0044306237250566,0.0042660785838961,5.999670658477862,146.8758686426542,5.421042442321777e-05,-0.0011346936225891,0.0033676624298095,0.001190111041069,-0.0070105828344821,0.0017971945926547,5.999670658477862,146.8758686426542,0.0004494562745094,0.002039611339569,0.0008527040481567,-0.0025990877766162,0.0005235001444816,0.0011014437768608,5.999670658477862,146.8758686426542,0.0012983828783035,-0.0016041994094848,-0.0031094551086425,0.0081658884882926,0.0020063482224941,0.0016491228016093,5.999670658477862,146.8758686426542,-0.0035438761115074,-0.0130923390388488,0.0076719522476196,0.0029579172842204,-0.0044379690662026,0.003377447836101,5.999670658477862,146.8758686426542,0.0004357770085334,0.0010839700698852,-0.00260990858078,0.0124599961563944,0.0010164510458707,0.0035836098250001,5.999670658477862,146.8758686426542,0.0008621588349342,0.0037171244621276,0.0020670890808105,0.0055077611468732,-0.0032398123294115,0.0028360604774206,5.999670658477862,146.8758686426542,-0.0022269487380981,-0.0002447366714477,0.0015339255332946,-0.0063071134500205,0.0031216796487569,0.0034106706734746,5.999670658477862,146.8758686426542,-0.0015337914228439,0.0018607974052429,0.0033468008041381,0.0085926065221428,-0.0035641863942146,-0.0027672969736158,5.999670658477862,146.8758686426542,-0.0027973502874374,-0.0013448596000671,0.0055307745933532,-0.0035607819445431,-0.0054853903129696,0.0034280146937817,5.999670658477862,146.8758686426542,0.001101866364479,-0.0011731386184692,0.0031450986862182,-0.0079643186181783,0.0053278431296348,0.0018735275371,5.999670658477862,146.8758686426542,-0.0020574480295181,-0.004725694656372,0.004118263721466,-0.0053591611795127,-0.0015026330947875,-0.0008008189615793,5.999670658477862,146.8758686426542,-0.0011351630091667,0.0016175508499145,0.0083804726600646,-0.0020318343304097,-0.0027410024777054,-0.0036199411842972,5.999670658477862,146.8758686426542,0.0035125464200973,-0.000477910041809,0.0018476843833923,0.0083973165601491,-0.0016562966629862,0.0054705590009689,5.999670658477862,146.8758686426542,0.0034141615033149,-0.0041450858116149,-0.0023430585861206,-0.0123951528221368,-0.0014496361836791,0.0069130603224039,5.999670658477862,146.8758686426542,-0.000240609049797,-0.0042834281921386,-0.0035562515258789,-0.0097620859742164,-0.0012701386585831,0.0047991098836064,5.999670658477862,146.8758686426542,-0.0047385916113853,0.0027633905410766,-0.0002872943878173,-0.0089686503633856,-0.0056904535740613,0.0027098266873508,5.999670658477862,146.8758686426542,0.0012914612889289,-0.001879334449768,0.0069535374641418,-0.0014603201998397,-0.0018839975818991,-0.0021884921006858,5.999670658477862,146.8758686426542,4.191696643829346e-05,-0.009221613407135,0.0064242482185363,-0.0075659099966287,7.875170558691025e-05,0.0052275788038969,5.999670658477862,146.8758686426542,-0.0002874881029129,-0.0112534165382385,0.0108307600021362,-0.012475580908358,-0.0033061262220144,-0.0018913500243797,5.999670658477862,146.8758686426542,-0.0016044974327087,-0.0029155611991882,0.0007216930389404,-0.0074818870052695,-0.0039231805130839,0.0013443906791508,5.999670658477862,146.8758686426542,0.0023221969604492,0.0066414475440979,-0.0011538863182067,-0.0156473256647586,-0.0044600730761885,-0.0020081629045307,5.999670658477862,146.8758686426542,-0.0024463087320327,-0.0010650157928466,0.0062435865402221,-0.0204888451844453,-0.0021559065207839,-0.006766099948436,5.999670658477862,146.8758686426542,-0.0047012567520141,-0.0004382133483886,0.0001250505447387,-0.0052234465256333,-0.0006184633821249,-0.0006619349587708,5.999670658477862,146.8758686426542,0.0001004412770271,-0.002041220664978,0.0011359453201293,-0.0089832441881299,-0.01083062030375,0.0006364891887642,5.999670658477862,146.8758686426542,0.0018850713968276,-0.004931628704071,0.0034538507461547,-0.0105810882523655,-0.0066108424216508,0.0010687201283872,5.999670658477862,146.8758686426542,-0.0054104253649711,0.0032160282135009,-0.0005887150764465,-0.0078259147703647,0.0080866115167737,0.0049278070218861,5.999670658477862,146.8758686426542,0.0035454034805297,-0.0047631859779357,0.0018914937973022,-0.0180240888148546,-0.0023612361401319,0.0074174297042191,5.999670658477862,146.8758686426542,-0.0035332664847373,0.0008001327514648,-0.0020378828048706,0.0016397858271375,-0.0016280673444271,0.0120308902114629,5.999670658477862,146.8758686426542,0.001574620604515,-0.0027881264686584,0.0059332847595214,0.0032120360992848,-0.0058558359742164,0.0063814930617809,5.999670658477862,146.8758686426542,-0.0004528984427452,-0.0026655793190002,0.0025858283042907,0.0085061872377991,-0.0101235508918762,-0.001214507734403,5.999670658477862,146.8758686426542,0.0032434239983558,-0.010685384273529,0.0062077045440673,-0.0078496169298887,0.0010007377713918,0.0028234438505023,5.999670658477862,146.8758686426542,-0.0017473027110099,-0.0011678338050842,-1.7881393432617188e-05,0.0108185037970542,0.0010377564467489,0.0028408209327608,5.999670658477862,146.8758686426542,-0.0027915760874748,0.0006061196327209,0.0004135370254516,0.0019491119310259,0.0019171321764588,0.0033646647352725,5.999670658477862,146.8758686426542,-0.003028005361557,-0.0011113286018371,0.0038780570030212,0.0016346991760656,0.0033459174446761,0.0047398544847965,5.999670658477862,146.8758686426542,0.0031445175409317,-0.0063093304634094,0.0050652623176574,-0.0081235757097601,0.0025943745858967,0.003974761813879,5.999670658477862,146.8758686426542,-0.0071658641099929,0.0029540657997131,6.890296936035156e-05,0.0065274853259325,0.001989304088056,-0.0031302191782742,5.999670658477862,146.8758686426542,-0.0015520378947257,-0.0050505399703979,-0.0017853379249572,0.0049637304618954,-0.0009423037990927,0.0023552933707833,5.999670658477862,146.8758686426542,-0.006300926208496,-0.0029168128967285,0.0034545063972473,0.0091644944623112,-0.0026901373639702,-0.0040249750018119,5.999670658477862,146.8758686426542,-0.0014491230249404,0.001406192779541,0.004744529724121,0.0002479645481798,-0.0013955738395452,-0.0029298830777406,5.999670658477862,146.8758686426542,0.0025498196482658,-0.0028527379035949,0.0027807354927062,0.0135592957958579,0.0031608287245035,-0.0002822348324116,5.999670658477862,146.8758686426542,0.0009908601641654,0.0051748752593994,0.0009748935699462,0.0010305078467354,-0.0022877333685755,0.0044969404116272,5.999670658477862,146.8758686426542,0.0045813843607902,-0.0018227100372314,0.0001896619796752,0.0006156139425002,0.004086809232831,0.0047757402062416,5.999670658477862,146.8758686426542,0.0043264701962471,-0.0106975436210632,0.004220426082611,0.0002693230926524,0.0014430899173021,0.0088023403659462,5.999670658477862,146.8758686426542,-0.0021247044205665,-0.0012168884277343,0.0032144784927368,0.0005381691735237,-0.0068459995090961,0.0035748544614762,5.999670658477862,146.8758686426542,-0.002811849117279,-0.0056416392326354,0.0103757381439208,-0.0018356394721195,0.0015208544209599,0.002460288349539,5.999670658477862,146.8758686426542,0.0006479918956756,-0.0005762577056884,-0.0015085935592651,0.0042187110520899,-0.0042739184573292,-0.0003118292370345,5.999670658477862,146.8758686426542,0.0060898661613464,-0.004232108592987,0.0066328048706054,-0.0101833445951342,0.0014007450081408,0.0060330852866172,5.999670658477862,146.8758686426542,-0.0016208887100219,-0.0088835954666137,0.005456268787384,-0.0069077624939382,-0.0002509467303752,0.0035375040024518,5.999670658477862,146.8758686426542,0.0037988200783729,-0.001342236995697,0.0040063261985778,-0.0111535871401429,0.0014694547280669,0.0054354723542928,5.999670658477862,146.8758686426542,0.00181195884943,0.0058225989341735,-0.0074840784072875,0.0118642998859286,-0.0013284618034958,0.0039824182167649,5.999670658477862,146.8758686426542,-0.0001749321818351,-0.0048300623893737,0.0011019706726074,0.0055525284260511,-0.0003385655581951,0.0055766198784112,5.999670658477862,146.8758686426542,0.0027567595243453,-0.0037426352500915,-0.0007728934288024,0.0063839675858616,-0.0009524235501885,0.0065076607279479,5.999670658477862,146.8758686426542,-0.0018684044480323,-0.0032942295074462,0.0025700330734252,0.0020920438691973,0.0076999203301966,0.0054687950760126,5.999670658477862,146.8758686426542,-0.000679962337017,0.00309419631958,-0.0053618550300598,0.0106745595112442,-0.0016136867925524,0.0102652143687009,5.999670658477862,146.8758686426542,-0.0009752586483955,-0.0110931992530822,0.0045140981674194,-0.0219672992825508,-0.0093783987686038,0.0171690918505191,5.999670658477862,146.8758686426542,-0.0012898370623588,0.0005092024803161,-4.190206527709961e-05,0.0258516483008861,0.0070668868720531,0.0140617499127984,5.999670658477862,146.8758686426542,0.0033983364701271,-0.0056981444358825,0.0072001218795776,0.0210302080959081,0.0032298043370246,0.0131920287385582,5.999670658477862,146.8758686426542,0.0010351762175559,0.004318356513977,-0.0030689239501953,0.0133960703387856,0.0177741274237632,-0.0057733068242669,5.999670658477862,146.8758686426542,0.0046930313110351,0.0070288181304931,0.0096776485443115,0.0150244869291782,0.0090402895584702,0.0042756656184792,5.999670658477862,146.8758686426542,-0.0091892927885055,-0.0025159120559692,0.0006893873214721,-0.0121238296851515,-0.0022312738001346,-0.0026497517246752,5.999670658477862,146.8758686426542,0.0011408925056457,-0.0057474374771118,0.0035027861595153,-0.0136628178879618,0.003157899249345,-0.00740522518754,5.999670658477862,146.8758686426542,-0.0024263486266136,0.0034894347190856,-0.0004730224609375,-0.0006539416499435,0.0097055463120341,-0.0070646405220031,5.999670658477862,146.8758686426542,-0.0004516839981079,6.777048110961914e-05,0.0035536289215087,-2.644758205860853e-05,-0.0095781357958912,-0.0014160091523081,5.999670658477862,146.8758686426542,0.0022869855165481,-0.0002623200416564,0.0015879273414611,-0.0008464615093544,-0.0020744130015373,0.0031245141290128,5.999670658477862,146.8758686426542,-0.0011670663952827,0.001249611377716,-0.0008139610290527,-0.0422573648393154,-0.003800674341619,0.0056174658238887,5.999670658477862,146.8758686426542,0.0007738694548606,-0.0021265149116516,-0.001462697982788,-0.0583385676145553,0.0037690945900976,0.0002417088544461,5.999670658477862,146.8758686426542,-0.0004352033138275,-0.0036894679069519,0.0099818110466003,-0.0262969061732292,-0.00940902531147,0.0018799524987116,5.999670658477862,146.8758686426542,0.0013726279139518,0.0034201741218566,0.0045722723007202,-0.0313550494611263,-0.0063919303938746,-0.0059428168460726,5.999670658477862,146.8758686426542,-0.0009410679340362,-0.0061903595924377,0.0048239231109619,-0.034986350685358,-0.0006826454773545,-0.0037920812610536,5.999670658477862,146.8758686426542,-0.003968596458435,0.00027996301651,0.0120903253555297,-0.030207784846425,0.0047579263336956,-0.0056196087971329,5.999670658477862,146.8758686426542,-0.0012780949473381,0.0020223259925842,-0.0010067224502563,-0.0494104027748107,-0.0060132294893264,0.0120701044797897,5.999670658477862,146.8758686426542,-0.0015226677060127,-0.0093085765838623,0.0081300735473632,-0.0756549462676048,-0.0052710054442286,0.0089066699147224,5.999670658477862,146.8758686426542,-0.0030771195888519,-0.0022196173667907,0.0012027621269226,-0.0370550379157066,-0.000264530070126,0.0031664920970797,5.999670658477862,146.8758686426542,-0.0009562969207763,0.0018471479415893,0.0056153535842895,-0.0200545638799667,-0.0053514335304498,-0.0007226884481497,5.999670658477862,146.8758686426542,0.0018347948789596,0.008630633354187,0.0115278959274292,-0.0102272601798176,-0.0039631277322769,-0.0012592819985002,5.999670658477862,146.8758686426542,-0.0032986104488372,-0.0013062953948974,-0.0017198324203491,0.0292897876352071,0.0094573404639959,0.0030986480414867,5.999670658477862,146.8758686426542,-0.000457115471363,-0.0026641488075256,0.0119821429252624,0.0120448358356952,-0.0013095531612634,0.0055687632411718,5.999670658477862,146.8758686426542,-0.0018910095095634,0.0160247087478637,-0.0016282200813293,0.0485169887542724,0.0033123618923127,0.0075359074398875,5.999670658477862,146.8758686426542,-0.0027776211500167,0.000424325466156,0.0080229043960571,-0.0354427620768547,-0.0009204661473631,0.0164830312132835,5.999670658477862,146.8758686426542,0.0012105330824851,0.0117633938789367,0.0069917440414428,0.0592700615525245,0.0055430261418223,-0.0083928918465971,5.999670658477862,146.8758686426542,-0.0011497512459754,0.0054625868797302,-0.0110470056533813,0.044269323348999,-0.0097179524600505,0.0053066085092723,5.999670658477862,146.8758686426542,-0.0075318366289138,0.0078347325325012,0.0153212547302246,0.0356930941343307,0.0285442154854536,-0.0085417628288269,5.999670658477862,146.8758686426542,-0.0060928463935852,0.001932680606842,-0.0082831978797912,-0.0076830890029668,0.010139375925064,0.0322300344705581,5.999670658477862,146.8758686426542,-0.0016774013638496,-0.02170991897583,0.0045175552368164,-0.0445122867822647,-0.0176919884979724,0.030985040590167,5.999670658477862,146.8758686426542,-0.0121044963598251,0.0082723498344421,-0.0018362402915954,-0.0534938536584377,0.0889455080032348,0.1021755337715148,5.999670658477862,146.8758686426542,0.0008753836154937,-0.0072510838508605,0.0101628303527832,-0.1202042251825332,0.0277444683015346,0.053069107234478,5.999670658477862,146.8758686426542,,,,,,,,,Meal
2023-02-19 09:42:22.617543,0.0032229796051979,-0.0040042996406555,-0.0049221515655517,-0.006666506640613,0.0024364488199353,0.0057667363435029,5.999670658477862,146.8758686426542,0.000373251736164,-0.0002464652061462,0.0035054683685302,0.0174695625901222,-0.0021353997290134,0.0047862930223345,5.999670658477862,146.8758686426542,-0.0083730369806289,-0.0098570585250854,0.0069025754928588,-0.0085863526910543,0.0070972465910017,-0.0005557082477025,5.999670658477862,146.8758686426542,0.008829727768898,-0.0068814158439636,0.0020117759704589,0.004461457952857,-0.0121488850563764,0.0064823273569345,5.999670658477862,146.8758686426542,-0.0038628503680229,-0.00238037109375,-0.0027034282684326,-0.0188178457319736,0.0007986039854586,0.0091210212558507,5.999670658477862,146.8758686426542,0.0038456916809082,-0.0058711767196655,0.003435730934143,-0.0111371288076043,0.0058266529813408,0.0098132425919175,5.999670658477862,146.8758686426542,0.0040422901511192,-0.0009377002716064,-0.0009942054748535,0.0002737971954047,0.0017967568710446,0.0059681376442313,5.999670658477862,146.8758686426542,0.0002661719918251,-0.0033026933670043,0.0041351914405822,-0.0105505147948861,-0.0015380531549453,0.001859612413682,5.999670658477862,146.8758686426542,0.0005057603120803,0.0006363987922668,-0.0032050609588623,0.0027744255494326,0.0049992082640528,0.0099327526986598,5.999670658477862,146.8758686426542,0.0027007013559341,-0.0086721181869506,0.0061590671539306,-0.0161560960114002,-0.0045940298587083,0.005744831636548,5.999670658477862,146.8758686426542,0.0015555173158645,-0.0058788061141967,-0.0015307068824768,-0.0173953715711832,0.003189590293914,0.00477044750005,5.999670658477862,146.8758686426542,-0.0024945884943008,0.0001096725463867,0.0044367313385009,-0.004112668801099,0.0091715827584266,0.0019716981332749,5.999670658477862,146.8758686426542,-0.0001836642622947,-0.0056537389755249,-0.0013794898986816,-0.0098510356619954,-0.0062454566359519,0.0039473641663789,5.999670658477862,146.8758686426542,0.0010843053460121,0.000740110874176,-9.256601333618164e-05,-0.0024389785248786,-0.0088476315140724,-4.904177330899984e-05,5.999670658477862,146.8758686426542,-0.0063435137271881,0.0023152232170104,0.0020093917846679,-0.0086752492934465,-0.0015990389510989,0.0023629833012819,5.999670658477862,146.8758686426542,-0.0022082775831222,0.0047916769981384,0.0021079182624816,0.0103662721812725,7.82194547355175e-05,-0.0055443085730075,5.999670658477862,146.8758686426542,-0.0003153756260871,-0.0041247010231018,-0.0021411776542663,-0.0027672396972775,0.0023557543754577,-0.0018974086269736,5.999670658477862,146.8758686426542,0.0020061582326889,-0.0060648322105407,0.0102697014808654,-0.0277377311140298,-0.0008927695453166,-0.0065849050879478,5.999670658477862,146.8758686426542,-0.0050601810216903,-0.0029726028442382,0.000866949558258,-0.0051232851110398,0.0012582661584019,0.0022448720410466,5.999670658477862,146.8758686426542,0.0036841258406639,-0.0004071593284606,0.002480924129486,-0.0066685578785836,-0.0045330440625548,0.0063539966940879,5.999670658477862,146.8758686426542,0.0008503273129463,0.0011107325553894,-0.0035005807876586,0.0108078513294458,-0.0068569183349609,0.0020458006765693,5.999670658477862,146.8758686426542,-0.0012426972389221,-0.0009543895721435,0.0018721222877502,-0.0164891239255666,0.0022356463596224,-0.0048215594142675,5.999670658477862,146.8758686426542,0.0090244114398956,-0.0050973892211914,-0.0017161965370178,0.0109806098043918,0.0572371110320091,0.0221942458301782,5.999670658477862,146.8758686426542,0.0042966529726982,-0.0037394762039184,0.000293493270874,0.009009257890284,-0.2974791526794433,0.3820969462394714,5.999670658477862,146.8758686426542,-0.0221118107438087,0.0031265616416931,0.0017585158348083,0.134016677737236,0.4771875143051147,-0.1740686148405075,5.999670658477862,146.8758686426542,0.0163175463676452,-0.0172501802444458,-0.0503267645835876,-0.3239534795284271,-0.5205878615379333,0.1352929025888443,5.999670658477862,146.8758686426542,0.0018800422549247,-0.0442559719085693,0.0309770107269287,-0.1638806164264679,0.0060889739543199,0.1031689196825027,5.999670658477862,146.8758686426542,0.0056648775935173,0.0031861066818237,0.0479862093925476,0.4139787256717682,-0.0113278338685631,0.1187206879258155,5.999670658477862,146.8758686426542,-0.0059486478567123,0.0214918851852417,0.0208287239074707,0.3361715376377105,-0.032084509730339,0.0219838209450244,5.999670658477862,146.8758686426542,0.0007224529981613,-0.0197004675865173,-0.0117261409759521,0.161720871925354,-0.0529514402151107,0.0025076593738049,5.999670658477862,146.8758686426542,-0.0033732652664184,-0.0054341554641723,-0.009648323059082,0.1965359598398208,-0.0477822497487068,0.0122299287468194,5.999670658477862,146.8758686426542,-0.0016942843794822,-0.016183316707611,0.0148643851280212,0.1582320630550384,-0.0230145826935768,0.0062533621676266,5.999670658477862,146.8758686426542,-0.0084657594561576,-0.0124431252479553,-0.0150495767593383,0.1553643643856048,0.0008326931856572,0.0155838141217827,5.999670658477862,146.8758686426542,-0.0227215737104415,0.0949674248695373,-0.0264897346496582,1.218359112739563,0.10633035749197,0.0665845796465873,5.999670658477862,146.8758686426542,-0.0247284397482872,-0.0094260573387146,-0.0212226510047912,0.5517503619194031,0.036822386085987,0.1578754484653473,5.999670658477862,146.8758686426542,-0.0059930011630058,0.0330173373222351,0.0058481097221374,0.808441698551178,0.0471807494759559,0.0831265747547149,5.999670658477862,146.8758686426542,-0.0139607414603233,0.0241032838821411,-0.0051747560501098,0.7181844115257263,-0.0028187669813632,0.0619007125496864,5.999670658477862,146.8758686426542,0.0124190598726272,-0.0146125555038452,0.0180241465568542,0.7343403100967407,-0.0100588370114564,-0.0920878276228904,5.999670658477862,146.8758686426542,-0.0263994187116622,0.0123623311519622,0.0166862607002258,0.4705089032649994,0.0104704070836305,0.0638590306043624,5.999670658477862,146.8758686426542,0.0162377581000328,-0.0132543444633483,0.0013342499732971,0.2274032980203628,-0.0010946365073323,0.1062302961945533,5.999670658477862,146.8758686426542,-0.037669364362955,-0.0164321064949035,-0.0114630460739135,0.2084647417068481,0.072979062795639,0.1232844814658165,5.999670658477862,146.8758686426542,-0.0067850202322006,0.0387343764305114,-0.029505431652069,0.9867907166481018,0.2846452295780182,-0.3391501605510711,5.999670658477862,146.8758686426542,0.0414401441812515,0.0478252917528152,0.0031830668449401,0.5363152027130127,-0.0085043488070368,-0.0211257636547088,5.999670658477862,146.8758686426542,0.0100085362792015,0.0153658539056777,0.0161697268486022,0.4715704321861267,0.0251505486667156,0.2308544069528579,5.999670658477862,146.8758686426542,0.0650281906127929,0.2405414879322052,-0.0408223867416381,1.7439448833465576,0.8056772947311401,1.6624870300292969,5.999670658477862,146.8758686426542,-0.0828248932957649,-0.0210904590785503,0.0722333788871765,0.6944172382354736,0.7266176342964172,0.6919081211090088,5.999670658477862,146.8758686426542,0.0855437070131301,0.0295455604791641,-0.0317415595054626,0.3791528940200805,-0.1366242319345474,1.1056324243545532,5.999670658477862,146.8758686426542,0.0303797740489244,0.041644811630249,0.0691627860069274,0.5788888931274414,0.0007048617117106,0.9954906105995178,5.999670658477862,146.8758686426542,0.0224625542759895,-0.1879213750362396,-0.04332035779953,-1.6275614500045776,0.7900722026824951,0.0938093066215515,5.999670658477862,146.8758686426542,-0.05839828774333,-0.3037026524543762,0.0550031661987304,-2.553641557693481,-0.6222521662712097,1.1434732675552368,5.999670658477862,146.8758686426542,-0.258730411529541,-0.0104456543922424,0.1814571619033813,-2.174046039581299,-0.6190345287322998,1.3684076070785522,5.999670658477862,146.8758686426542,-0.1709020733833313,0.0789894163608551,-0.0552692413330078,-0.2688235938549042,-0.5556774735450745,0.6544034481048584,5.999670658477862,146.8758686426542,0.026958018541336,0.1192527115345001,-0.0549471974372863,0.2318818569183349,-0.4846381247043609,0.3373997211456299,5.999670658477862,146.8758686426542,0.0396566018462181,0.0181557536125183,0.0102893710136413,-0.1189093738794326,-0.2302290201187133,-0.0228898078203201,5.999670658477862,146.8758686426542,0.0214918553829193,-0.0898953080177307,0.0172922015190124,-0.2896072566509247,-0.0187692381441593,0.101830780506134,5.999670658477862,146.8758686426542,-0.0060109943151474,0.0082713961601257,0.0242891907691955,0.5607737302780151,0.0749047920107841,-0.0512722842395305,5.999670658477862,146.8758686426542,-0.0706096962094307,0.0210862159729003,-0.0031806230545043,0.0881613120436668,0.0449375696480274,-0.2402414381504058,5.999670658477862,146.8758686426542,-0.008508414030075,0.0331469476222991,-0.0072245001792907,0.3505615890026092,0.0013554715551435,-0.1996726095676422,5.999670658477862,146.8758686426542,-0.0024534091353416,-0.0738078653812408,0.0321257710456848,0.1680530458688736,0.0756392925977706,-0.123038113117218,5.999670658477862,146.8758686426542,-0.006151720881462,-0.040627509355545,0.0482475757598876,0.1747211217880249,0.171434536576271,-0.1276569068431854,5.999670658477862,146.8758686426542,-0.0133767649531364,0.0085736215114593,-0.0052412748336791,0.5722163915634155,0.2265909910202026,-0.1754794269800186,5.999670658477862,146.8758686426542,0.0228148251771926,0.0208400785923004,-0.002858817577362,0.7666569352149963,0.1855277121067047,-0.1364906728267669,5.999670658477862,146.8758686426542,0.0310129895806312,0.0576244071125984,0.0306519269943237,1.040623664855957,0.1491486728191375,0.0496386848390102,5.999670658477862,146.8758686426542,-0.0120170414447784,0.0491430684924125,0.0021578073501586,0.4290751814842224,0.1705753952264785,0.122446708381176,5.999670658477862,146.8758686426542,-0.0500033274292945,0.1537965089082718,-0.0038435459136962,0.2923398017883301,0.3284590542316437,-0.1248474046587944,5.999670658477862,146.8758686426542,0.0392369218170642,-0.0647874623537063,-0.0140928626060485,0.1228589117527008,-0.1388226747512817,0.0710781961679458,5.999670658477862,146.8758686426542,-0.1289083063602447,0.1668092012405395,0.00453782081604,1.5197573900222778,0.8040249943733215,0.0528350137174129,5.999670658477862,146.8758686426542,-0.0440912880003452,0.03168286383152,-0.0110774636268615,1.192855715751648,0.4172708988189697,0.4520120620727539,5.999670658477862,146.8758686426542,-0.0291703566908836,0.0341390967369079,-0.0241019129753112,1.3567336797714231,0.4649066030979156,0.271317720413208,5.999670658477862,146.8758686426542,-0.0092576295137405,0.0166966915130615,-0.0074309706687927,0.0864756852388382,0.3178591132164001,-0.0408849902451038,5.999670658477862,146.8758686426542,-0.0944450795650482,-0.0198961198329925,-0.005170464515686,1.0473437309265137,0.1408675611019134,-0.5395815968513489,5.999670658477862,146.8758686426542,0.006980076432228,0.0447398424148559,0.0308790802955627,0.1105317547917366,-0.0975836291909217,-0.0356422886252403,5.999670658477862,146.8758686426542,-0.017957717180252,0.0397110283374786,-0.0310603380203247,-0.0423693507909774,-0.0024752188473939,-0.1265788823366165,5.999670658477862,146.8758686426542,0.1372047960758209,0.0323085486888885,0.01970636844635,0.5112257599830627,-0.0277187898755073,-0.3704842925071716,5.999670658477862,146.8758686426542,-0.031427651643753,0.0361450910568237,-0.1328378915786743,0.6572244167327881,-0.2950572669506073,0.1957062184810638,5.999670658477862,146.8758686426542,0.1217318475246429,0.0661935210227966,0.0346352458000183,-0.0916640907526016,-0.018748465925455,0.1944247782230377,5.999670658477862,146.8758686426542,0.0239980593323707,0.0548535585403442,-0.0173935294151306,-0.3783566057682037,0.0923207998275756,0.3356203734874725,5.999670658477862,146.8758686426542,-0.0052185207605361,0.0172151029109954,0.1284511089324951,1.066165804862976,0.6455045938491821,-0.5498999357223511,5.999670658477862,146.8758686426542,0.2065389156341552,-0.756056547164917,0.3804311156272888,-7.098117351531982,-1.6024000644683838,0.548107385635376,5.999670658477862,146.8758686426542,-0.0362436808645725,-0.2481952160596847,0.0678629279136657,0.0695050656795501,-0.1207461953163147,-0.1269690692424774,5.999670658477862,146.8758686426542,-0.0769862681627273,0.0922604650259018,-0.0818070173263549,-0.1412550806999206,0.3123873770236969,-0.3982186615467071,5.999670658477862,146.8758686426542,0.0340552255511283,0.0172501951456069,-0.0441573858261108,0.3181072473526001,-0.0837242677807807,-0.0061378935351967,5.999670658477862,146.8758686426542,-0.0574266836047172,-0.0327708572149276,-0.1288244724273681,0.2427698224782943,-1.517925500869751,0.557720422744751,5.999670658477862,146.8758686426542,-0.0065424442291259,0.0304505228996276,-0.0142655372619628,-0.2016733884811401,-0.3107449114322662,-0.0309003312140703,5.999670658477862,146.8758686426542,0.0005927607417106,0.0288520455360412,-0.0035704374313354,0.0121428137645125,-0.2977468073368072,0.1763619184494018,5.999670658477862,146.8758686426542,-0.0226545631885528,-0.0333115756511688,0.0274773240089416,-0.1351473331451416,-0.1740855872631073,0.0664598122239112,5.999670658477862,146.8758686426542,-0.0210175588726997,0.0529513210058212,0.0208607912063598,0.0251659639179706,-0.0341926701366901,-0.033293817192316,5.999670658477862,146.8758686426542,0.0023212283849716,-0.0028450489044189,-0.0181047320365905,0.0380941741168499,-0.0376281477510929,0.0170541778206825,5.999670658477862,146.8758686426542,-0.0097278356552124,0.0073791146278381,-0.0132352709770202,0.0207708422094583,0.0802486911416053,-0.0334981456398963,5.999670658477862,146.8758686426542,-0.0038601160049438,0.0100029855966568,0.0063327550888061,0.007403505500406,0.1278521567583084,-0.0880445092916488,5.999670658477862,146.8758686426542,0.0085907503962516,0.0023135393857955,0.0124940276145935,0.0362192541360855,0.0682697892189025,-0.0675432011485099,5.999670658477862,146.8758686426542,-0.0015930160880088,-0.0215824842453002,0.0021819472312927,-0.1065116077661514,0.0670540556311607,-0.0893843472003936,5.999670658477862,146.8758686426542,0.0049463659524917,0.0065695792436599,-0.0021159052848815,-0.0357152558863163,0.1276231259107589,-0.1739606708288192,5.999670658477862,146.8758686426542,0.0122737661004066,0.0213095098733901,-0.0020303130149841,0.0029372512362897,0.0989328995347023,-0.1372040957212448,5.999670658477862,146.8758686426542,0.0037897154688835,0.0006606876850128,0.0023949146270751,0.0070831007324159,0.0943999290466308,-0.1085888296365737,5.999670658477862,146.8758686426542,-0.0034951493144035,0.004330962896347,0.0035929679870605,-0.010938137769699,0.086189404129982,-0.0808515474200248,5.999670658477862,146.8758686426542,0.0123766846954822,-0.0207636803388595,0.0121023058891296,-0.056653693318367,0.0336074158549308,-0.0726578682661056,5.999670658477862,146.8758686426542,0.0063013955950737,0.0007395297288894,0.0026000142097473,-0.0457163825631141,0.0177237913012504,-0.0190072525292634,5.999670658477862,146.8758686426542,0.0038672685623168,0.0066965818405151,0.0051765441894531,-0.0027039097622036,0.0130094643682241,-5.503379725269042e-05,5.999670658477862,146.8758686426542,0.0038620829582214,0.0145194232463836,-0.0005816221237182,-0.0235849041491746,0.0231875330209732,-0.0047044469974935,5.999670658477862,146.8758686426542,Meal
2023-02-19 16:39:12.542270,-0.0026688016951084,0.0050854422152042,0.0001267194747924,-0.1061468124389648,-0.0432432256639003,-0.0234491247683763,46.02590235258938,281.8116533532775,-0.0052381381392478,0.0002078637480735,0.0034917593002319,-0.0775171667337417,-0.0253236144781112,0.0048012542538344,46.02590235258938,281.8116533532775,0.0037521608173847,0.0175044201314449,-0.0023273825645446,-0.0753353461623191,-0.0339879430830478,-0.0042033591307699,46.02590235258938,281.8116533532775,0.0054829977452754,-0.0041037071496248,0.0079613327980041,-0.1549281477928161,-0.0402959026396274,0.0180197544395923,46.02590235258938,281.8116533532775,-0.0035258494317531,0.0170109886676073,0.0035322904586791,0.0073449425399303,-0.01395218167454,0.0363541841506958,46.02590235258938,281.8116533532775,-0.005361683666706,0.0172408614307642,0.0072190165519714,-0.0284715108573436,0.005711268633604,-0.0035879360511898,46.02590235258938,281.8116533532775,0.0060713551938533,0.0055524939671158,0.0008401274681091,-0.1616689562797546,-0.0372343361377716,-0.0395130813121795,46.02590235258938,281.8116533532775,-0.0022736676037311,-0.00306879542768,0.0020421743392944,-0.1022777184844017,-0.0003865715116262,0.0366091541945934,46.02590235258938,281.8116533532775,0.0012812614440917,-0.0044855754822492,0.0025219321250915,-0.1016555726528167,-0.0123335113748908,-0.0148786408826708,46.02590235258938,281.8116533532775,-0.0027364380657672,0.0084264539182186,0.0039255619049072,-0.0291952528059482,0.0067850551567971,-0.0129019422456622,46.02590235258938,281.8116533532775,-0.0067861899733543,0.0129824690520763,0.0050616264343261,-0.0456517487764358,0.0040153674781322,-0.0044281301088631,46.02590235258938,281.8116533532775,0.001694418489933,0.0166235528886318,0.0030804872512817,-0.001634624088183,-0.000337834469974,0.0168124120682477,46.02590235258938,281.8116533532775,0.0037240460515022,0.0085190385580062,0.0044710040092468,-0.0491825155913829,-0.0082309124991297,0.0102817732840776,46.02590235258938,281.8116533532775,0.0003686174750328,-0.0050876103341579,0.0037830471992492,-0.0479343198239803,-0.0079688560217618,0.0029533868655562,46.02590235258938,281.8116533532775,-0.0065003857016563,-0.0020810291171073,0.0039203763008117,-0.0265280976891517,0.0006786938756704,0.0181467197835445,46.02590235258938,281.8116533532775,-3.843754529953003e-05,0.0061263591051101,0.0071529150009155,-0.0516891628503799,-0.0054159509018063,-0.0037961951456964,46.02590235258938,281.8116533532775,0.0006544217467308,0.0117445662617683,0.0014898777008056,-0.062411580234766,-0.0121412314474582,-0.0059998277574777,46.02590235258938,281.8116533532775,-0.0012041442096233,-0.0010899230837821,0.0069630742073059,0.0293353293091058,0.0067429775372147,-0.002378727775067,46.02590235258938,281.8116533532775,-0.0024971719831228,0.001854158937931,0.0043162703514099,-0.0294712875038385,-0.0031964723020792,0.0072636795230209,46.02590235258938,281.8116533532775,-0.0118327140808105,0.004956305027008,0.0003362894058227,0.017795106396079,0.0251776445657014,0.0180903282016515,46.02590235258938,281.8116533532775,-4.897266626358032e-05,0.0010907277464866,0.0047199130058288,-0.0196552500128746,0.0032100277021527,-0.0062109166756272,46.02590235258938,281.8116533532775,-0.0027992874383926,-0.0007906779646873,0.0031200647354125,0.0156785864382982,-0.0020257467404007,0.0018432479118928,46.02590235258938,281.8116533532775,-0.0051316171884536,0.0070051997900009,0.0047372579574584,0.0346830077469348,0.0048689106479287,0.0116334268823266,46.02590235258938,281.8116533532775,-0.0053212381899356,-0.0155848786234855,0.0005696415901184,-0.0170218087732791,-0.009488989599049,0.015309021808207,46.02590235258938,281.8116533532775,-0.0032430738210678,0.006085567176342,0.0049665570259094,-0.0085027301684021,0.0015831030905246,-0.009569494985044,46.02590235258938,281.8116533532775,0.0044157840311527,-0.0042395070195198,0.0003928542137145,-0.0111064491793513,-0.0044548157602548,-0.0107546020299196,46.02590235258938,281.8116533532775,-0.0033317934721708,-0.0033384934067726,0.0066487193107604,-0.0263320077210664,-0.0034494725987315,-0.0035979561507701,46.02590235258938,281.8116533532775,0.0024540051817893,0.0073285400867462,0.0052366256713867,0.0277988705784082,0.0003476627171039,-0.008450767956674,46.02590235258938,281.8116533532775,-0.0050943717360496,-4.045665264129639e-05,0.0012544989585876,0.0742186531424522,0.0166294313967227,-0.0145041672512888,46.02590235258938,281.8116533532775,0.004357723519206,0.019425518810749,-0.0001850724220275,-0.1275335848331451,-0.1049670428037643,-0.3079429864883423,46.02590235258938,281.8116533532775,0.0163782332092523,-0.0304851494729518,0.0024864673614501,-0.027906734496355,-0.1642269045114517,-0.025396728888154,46.02590235258938,281.8116533532775,-0.0138749489560723,-0.0124575849622488,-0.0062656998634338,0.4450227916240692,-0.1137256473302841,-0.1034474596381187,46.02590235258938,281.8116533532775,0.0097175929695367,0.0055151134729385,-0.0304658412933349,0.6626559495925903,-0.0306866876780986,0.0406556241214275,46.02590235258938,281.8116533532775,0.007006537169218,-0.0036603212356567,0.0150802135467529,0.6754618287086487,-0.1776779890060424,0.3568098843097687,46.02590235258938,281.8116533532775,-0.0107186436653137,0.0070480704307556,-0.001413881778717,0.5439822673797607,-0.0619127824902534,0.385531485080719,46.02590235258938,281.8116533532775,0.02314905077219,-0.0139594972133636,0.0113623738288879,0.5537685751914978,-0.2504954636096954,0.1993006318807602,46.02590235258938,281.8116533532775,0.0387841165065765,0.0468682646751403,-0.0757175087928772,1.0592889785766602,-0.3873321712017059,0.0107871079817414,46.02590235258938,281.8116533532775,-0.0159570127725601,-0.0004792809486389,-0.0355224609375,0.2164323031902313,0.2182312607765197,-0.0033063734881579,46.02590235258938,281.8116533532775,0.0840997099876403,0.0496233105659484,-0.0048906207084655,0.2502070069313049,-0.2985426485538482,-0.3067539632320404,46.02590235258938,281.8116533532775,-0.0277152955532073,0.0117153525352478,0.004210889339447,0.0253008008003234,-0.2618583738803863,-0.462901771068573,46.02590235258938,281.8116533532775,-0.141141653060913,-0.1229237616062164,0.0211988091468811,-0.2517811357975006,0.0091787045821547,0.2382957935333252,46.02590235258938,281.8116533532775,-0.0803639143705368,-0.2907621562480926,0.0886152386665344,0.3064744472503662,-0.1982825994491577,-0.1842024177312851,46.02590235258938,281.8116533532775,0.1302550137042999,-0.0969557464122772,0.0923791527748107,-1.1723735332489014,0.2917169332504272,0.2435692250728607,46.02590235258938,281.8116533532775,0.012419193983078,0.0122264921665191,0.021474540233612,0.9409359693527222,0.0747396051883697,0.2159513533115387,46.02590235258938,281.8116533532775,-0.0033531785011291,0.016461044549942,0.128350019454956,-0.6077982187271118,0.7184455990791321,0.1736186742782592,46.02590235258938,281.8116533532775,-0.0545352771878242,-0.214827612042427,-0.0318454504013061,0.1779341697692871,1.0619275569915771,-1.2748390436172483,46.02590235258938,281.8116533532775,-0.0268119648098945,-0.1237504631280899,0.1038389205932617,0.1057160347700119,0.0376889109611511,-0.2229380309581756,46.02590235258938,281.8116533532775,-0.0472628846764564,-0.0837811529636383,-0.0194296240806579,0.4478642642498016,0.0511916652321815,0.2915103733539581,46.02590235258938,281.8116533532775,-0.0284289941191673,-0.0370399951934814,-0.0041446685791015,0.3624833226203918,0.1298710405826568,-0.0513112470507621,46.02590235258938,281.8116533532775,-0.0233499780297279,-0.0739184319972992,0.0020022988319396,-0.0301652271300554,0.0390716195106506,-0.1294613778591156,46.02590235258938,281.8116533532775,0.0261714309453964,0.0246947705745697,-0.0187197923660278,1.040083408355713,-0.3812617361545563,-0.0816112607717514,46.02590235258938,281.8116533532775,0.018025204539299,0.0932762026786804,0.0311543941497802,0.4112315475940704,-0.0743406862020492,-0.4270561337471008,46.02590235258938,281.8116533532775,0.0243765711784362,0.0258859097957611,-0.0180917978286743,-0.2018563747406005,-0.0352369621396064,0.4489731192588806,46.02590235258938,281.8116533532775,0.0459709428250789,0.0895804464817047,-0.0687914490699768,0.1478992849588394,-0.1267498284578323,0.2941537201404571,46.02590235258938,281.8116533532775,-0.0182986408472061,-0.0163428783416748,-0.0003448128700256,0.4228575825691223,-0.1000641658902168,-0.0224728770554065,46.02590235258938,281.8116533532775,0.0019866526126861,-0.1302822828292846,0.1247935891151428,-0.1376917362213134,0.13809834420681,0.1742825955152511,46.02590235258938,281.8116533532775,-0.0742192268371582,-0.1006149053573608,0.1075380444526672,-4.637254238128662,0.0838982164859771,-0.4958770275115967,46.02590235258938,281.8116533532775,-0.022306565195322,-0.2498348802328109,0.0561881065368652,-0.5020150542259216,0.1265407502651214,0.3320164382457733,46.02590235258938,281.8116533532775,0.0144003108143806,0.0662502944469451,-0.0113817453384399,0.1310840845108032,0.0157109051942825,-0.0799101740121841,46.02590235258938,281.8116533532775,0.0046376772224903,0.0010594129562377,-0.0014058947563171,-0.0495217479765415,-0.0179344061762094,-0.0135678322985768,46.02590235258938,281.8116533532775,-0.0019457787275314,-0.0156124383211135,0.008736252784729,-0.099473088979721,-0.0201339088380336,-0.0050791730172932,46.02590235258938,281.8116533532775,-0.0159264728426933,-0.0010104477405548,0.007551372051239,-0.0804291442036628,-0.0205962359905242,-0.0028050332330167,46.02590235258938,281.8116533532775,-0.0008889958262443,-0.0064577162265777,0.0116558670997619,0.0102368956431746,0.3021408021450043,0.0352013371884822,46.02590235258938,281.8116533532775,-0.002887450158596,-5.224347114562988e-05,0.0012211203575134,-0.011095424182713,0.0096498178318142,-0.0093049770221114,46.02590235258938,281.8116533532775,0.0032890103757381,0.0094415098428726,0.002996027469635,0.0127501478418707,-0.028150824829936,-0.0031410241499543,46.02590235258938,281.8116533532775,-0.010004237294197,-5.845725536346436e-05,0.0092800855636596,-0.0175387822091579,-0.0037157889455556,-0.0005156800616532,46.02590235258938,281.8116533532775,-0.0090217106044292,-0.0056875944137573,0.0096212029457092,-0.0696596726775169,-0.004203412681818,0.0093786288052797,46.02590235258938,281.8116533532775,-0.0026262626051902,-0.0024409890174865,0.0003983378410339,-0.0779914185404777,-0.0233454145491123,0.0149188702926039,46.02590235258938,281.8116533532775,-0.0063408277928829,-0.0010866224765777,0.0058494210243225,-0.021607507020235,0.0083363475278019,0.0011412721360102,46.02590235258938,281.8116533532775,-0.0093828476965427,0.0077455341815948,0.0007790923118591,0.0135831050574779,0.0419923104345798,0.0016427120426669,46.02590235258938,281.8116533532775,-0.0083126910030841,-0.0101363956928253,0.000931441783905,-0.0298731587827205,-0.0001072054728865,0.0262337755411863,46.02590235258938,281.8116533532775,-0.0089206583797931,-0.002162218093872,0.0063523054122924,0.0085604088380932,0.0140632074326276,-0.0017212264938279,46.02590235258938,281.8116533532775,-0.001057893037796,0.0018884241580963,0.0018213987350463,-0.0110035445541143,-0.0213059671223163,-0.0049777398817241,46.02590235258938,281.8116533532775,-7.295608520507812e-05,0.002896174788475,0.0009875893592834,-0.0313812009990215,-0.0023021828383207,0.0012729653390124,46.02590235258938,281.8116533532775,0.0007004924118518,0.010303646326065,0.0037952661514282,0.0182639565318822,-0.0061459233984351,-0.0006440443685278,46.02590235258938,281.8116533532775,-0.0016398057341575,0.003922089934349,0.0027920007705688,0.0060690222308039,0.013226443901658,-0.0084761353209614,46.02590235258938,281.8116533532775,-0.0003149062395095,0.0046944320201873,0.0041514635086059,0.0139140281826257,0.0098903011530637,0.0001845647348091,46.02590235258938,281.8116533532775,-0.0049042515456676,0.0062867701053619,0.0027635097503662,0.0198821984231472,0.0083054546266794,-0.012948514893651,46.02590235258938,281.8116533532775,-0.0001198202371597,-0.0016378164291381,0.0028796792030334,0.0003724140697158,-0.0002211891114711,0.0016989380819723,46.02590235258938,281.8116533532775,-0.0058715716004371,0.0016468614339828,0.0044605731964111,-0.0271704774349927,0.0104953721165657,0.0051763607189059,46.02590235258938,281.8116533532775,-0.002857320010662,-0.001970961689949,0.0079249739646911,0.0021073569077998,0.004869710188359,-0.0029424191452562,46.02590235258938,281.8116533532775,-7.436797022819519e-05,0.0095394253730773,0.0049875974655151,0.0408574417233467,0.0113728828728199,0.0046448269858956,46.02590235258938,281.8116533532775,0.0008422099053859,-0.0019056946039199,0.005528450012207,-0.008710216730833,0.0017061410471796,-0.0074796802364289,46.02590235258938,281.8116533532775,-0.0061113350093364,0.0024864971637725,0.0047218799591064,0.0391266532242298,0.0046281614340841,-0.0028967792168259,46.02590235258938,281.8116533532775,0.0029484443366527,0.0035941302776336,0.0025280117988586,0.0102341528981924,0.0053062024526298,-0.0043319235555827,46.02590235258938,281.8116533532775,-0.0054561868309974,0.0030771195888519,0.0051604509353637,0.0026246493216603,0.0107734054327011,0.0045593730174005,46.02590235258938,281.8116533532775,-0.0025166794657707,0.0015638172626495,0.0025057792663574,0.0026500825770199,-0.0067712338641285,0.0006109367823228,46.02590235258938,281.8116533532775,-0.0044676251709461,0.0034460425376892,0.0056100487709045,-0.0132559398189187,0.003309363964945,0.003400498535484,46.02590235258938,281.8116533532775,-0.0043761432170867,0.0146670937538146,0.0032251477241516,0.0649868249893188,0.0166829600930213,0.0108417030423879,46.02590235258938,281.8116533532775,-0.0064902566373348,-0.0051922053098678,0.0052952170372009,0.0216763708740472,0.0136855728924274,0.0033367155119776,46.02590235258938,281.8116533532775,-0.0008974783122539,-0.0024113953113555,0.0047752857208251,0.0075564244762063,0.000587080605328,0.0170295909047126,46.02590235258938,281.8116533532775,-0.0012694858014583,-0.0046455115079879,0.0048907995223999,-0.0139163238927721,0.0055296411737799,-0.005245154723525,46.02590235258938,281.8116533532775,-0.0043007619678974,0.0002532601356506,0.0025885105133056,-0.0107694258913397,-0.0031812926754355,-0.0049483450129628,46.02590235258938,281.8116533532775,0.0011983215808868,-0.0033151656389236,0.0028716921806335,-0.0319528244435787,0.0143660102039575,-0.0055941282771527,46.02590235258938,281.8116533532775,-0.0013077072799205,0.0086486339569091,0.00298672914505,-0.0068344194442033,0.0115712881088256,0.0198403261601924,46.02590235258938,281.8116533532775,-0.0084471739828586,-0.0051935017108917,0.0011264681816101,-0.0365388393402099,-0.0059326039627194,0.0053834877908229,46.02590235258938,281.8116533532775,0.0001391768455505,-0.0006234943866729,0.0037624239921569,-0.0143142007291316,0.0007950738072395,0.0114103872328996,46.02590235258938,281.8116533532775,-0.0037696957588195,0.0059984922409057,-0.0020327568054199,0.0660252496600151,-0.0203205980360507,-0.0536259040236473,46.02590235258938,281.8116533532775,0.0005832388997077,0.0017440617084503,0.0048111677169799,0.0079118767753243,-0.0041000824421644,-0.0104633187875151,46.02590235258938,281.8116533532775,,,,,,,,,CognitiveActivity
2023-02-19 19:43:32.556646,-0.0004953891038894,0.0135960578918457,-0.0024870038032531,0.0166166312992572,0.0096219722181558,-0.019134409725666,11.707296135962508,130.33583148981143,-0.0028507262468338,0.0055916383862495,0.0062167644500732,-0.0301136169582605,-0.0137006603181362,0.0104305064305663,11.707296135962508,130.33583148981143,-0.004668042063713,0.0038097500801086,-0.0042958855628967,-0.0555482693016529,0.0001150202006101,-0.0173427015542984,11.707296135962508,130.33583148981143,0.009475402534008,-0.0124658048152923,0.0017923116683959,-0.0579939298331737,-0.0068006757646799,-0.0070424927398562,11.707296135962508,130.33583148981143,0.0094252601265907,0.0012281015515327,0.0076720118522644,-0.0216985065490007,0.0047340071760118,-0.0035681999288499,11.707296135962508,130.33583148981143,-0.0095220655202865,-0.0042866021394729,0.0088760256767272,-0.0745961815118789,0.0086171617731451,-0.0006400542333722,11.707296135962508,130.33583148981143,0.0038091838359832,0.0063585937023162,0.0122529864311218,-0.0136971464380621,0.0044658258557319,0.0097947437316179,11.707296135962508,130.33583148981143,-0.0059476494789123,-0.006961815059185,0.0003648996353149,-0.0201104376465082,-0.0044632200151681,-0.0059459032490849,11.707296135962508,130.33583148981143,0.0068854168057441,-0.0009331852197647,0.0103513002395629,-0.0248171221464872,-0.0067924205213785,0.0021854264196008,11.707296135962508,130.33583148981143,-0.0032323524355888,-0.0102654844522476,0.0096706748008728,-0.0454540364444255,-0.0065830964595079,-0.0011867678258568,11.707296135962508,130.33583148981143,0.000169038772583,0.0136326998472213,0.0034913420677185,-0.0054165255278348,-0.0073383692651987,0.0184066742658615,11.707296135962508,130.33583148981143,0.00091153383255,-0.003135435283184,0.0071918368339538,-0.0380199551582336,-3.438349813222885e-05,-0.0027928869239985,11.707296135962508,130.33583148981143,-0.0018059015274047,-0.0049464404582977,0.0070258975028991,-0.008198064751923,-0.0009739464148879,-0.0069601014256477,11.707296135962508,130.33583148981143,0.0072788447141647,0.0026659741997718,0.0080741643905639,-0.0421180799603462,-0.0004125516861677,-0.0067990133538842,11.707296135962508,130.33583148981143,-0.0007661283016204,-0.0026160404086112,0.0021235942840576,0.0185160767287015,0.0012165033258497,0.0077784648165106,11.707296135962508,130.33583148981143,-0.0010247826576232,0.0031221583485603,0.0020597577095031,-0.0057880100794136,0.0133621152490377,0.0242013465613126,11.707296135962508,130.33583148981143,-0.0020579919219017,0.0008821040391921,-0.000811755657196,-0.0096106315031647,0.0039803320541977,0.0142936222255229,11.707296135962508,130.33583148981143,-0.001042328774929,0.0170240029692649,0.0008392333984375,-0.0220081005245447,0.0149682685732841,0.0172749981284141,11.707296135962508,130.33583148981143,-0.0025316700339317,-0.0108681693673133,0.0143276453018188,-0.0893339812755584,0.0124542452394962,0.0094086853787302,11.707296135962508,130.33583148981143,-0.0067341923713684,-0.0038883090019226,0.0092901587486267,-0.0439772866666317,0.0013778912834823,0.0216792989522218,11.707296135962508,130.33583148981143,0.0019066929817199,-0.0013841241598129,5.346536636352539e-05,-0.0182680077850818,0.0010050488635897,0.0215242691338062,11.707296135962508,130.33583148981143,-0.0046777501702308,0.0040448904037475,0.005605399608612,-0.0412005968391895,0.0044330698437988,-0.0060138804838061,11.707296135962508,130.33583148981143,0.0019265413284301,0.0054371580481529,0.0018311142921447,-0.0340656414628028,0.0143874324858188,0.029074965044856,11.707296135962508,130.33583148981143,-0.0025940537452697,0.0022656619548797,0.0080532431602478,0.01361402310431,-0.0086624920368194,-0.0156824868172407,11.707296135962508,130.33583148981143,0.0053800791501998,0.0129895582795143,0.000264823436737,-0.027253221720457,-0.0123491063714027,-0.012194444425404,11.707296135962508,130.33583148981143,-0.0104405134916305,0.017769981175661,-0.0009128451347351,0.0581613332033157,-0.0002495665103197,-0.0213276240974664,11.707296135962508,130.33583148981143,-0.002257764339447,0.0059110298752784,-0.0045355558395385,0.0086019812151789,0.0073716016486287,-0.0002329901326447,11.707296135962508,130.33583148981143,-0.0064588636159896,0.0062385164201259,0.0132796168327331,0.022031981498003,0.0018950775265693,-0.0145455496385693,11.707296135962508,130.33583148981143,0.0028208941221237,-0.0084253624081611,0.0051093101501464,-0.0266318004578351,-0.0015467926859855,-0.0012839399278163,11.707296135962508,130.33583148981143,-0.0005893632769584,0.0010239593684673,0.0029153823852539,-0.0150359431281685,0.0036815251223742,-0.0015761218965053,11.707296135962508,130.33583148981143,0.0025992766022682,0.0028396658599376,0.0057266950607299,-0.0218252725899219,0.002850885502994,-0.0029231156222522,11.707296135962508,130.33583148981143,0.0039368644356727,0.0045380629599094,-0.00210702419281,-0.018653929233551,-0.002562521956861,0.0247014537453651,11.707296135962508,130.33583148981143,5.3025782108306885e-05,0.000444583594799,0.0102242827415466,-0.0188795235008001,0.0129922032356262,0.0267199650406837,11.707296135962508,130.33583148981143,0.0003249272704124,-0.0086363442242145,0.0056599974632263,-0.0109276715666055,-0.0196134112775325,0.0106417620554566,11.707296135962508,130.33583148981143,-0.0007040202617645,-0.0041422806680202,0.0057665705680847,-0.0065085017122328,0.0068136686459183,0.024281308054924,11.707296135962508,130.33583148981143,0.0034558698534965,-0.0006015226244926,0.0031497478485107,0.0056000393815338,-0.0237093530595302,0.0094954371452331,11.707296135962508,130.33583148981143,0.0045795962214469,0.00288069806993,0.007820725440979,-0.0018254928290843,-0.0129270125180482,0.0164523459970951,11.707296135962508,130.33583148981143,0.0035188943147659,0.0010540559887886,0.0010676383972167,0.1040838956832885,-0.0348379053175449,0.0011204618494957,11.707296135962508,130.33583148981143,0.0004917830228805,0.0144138447940349,0.004537284374237,-0.0132411858066916,-0.0101658469066023,-0.0032034465111792,11.707296135962508,130.33583148981143,0.0044321864843368,-9.553879499435423e-05,-0.0014294981956481,0.0084073571488261,-0.0143531346693634,-0.0018522585742175,11.707296135962508,130.33583148981143,-0.0034964978694915,-0.0103300660848617,0.0139648914337158,-0.0422545410692691,0.0031185336410999,-0.0084914527833461,11.707296135962508,130.33583148981143,-0.0070731043815612,-0.0122637823224067,0.0072432160377502,-0.0009931484237313,0.0014388780109584,-0.00558204902336,11.707296135962508,130.33583148981143,-0.0069444701075553,0.0011518634855747,0.0094119906425476,0.018563775345683,-0.0028842315077781,0.0192537922412157,11.707296135962508,130.33583148981143,0.0095571428537368,0.0030226930975914,-0.000983715057373,-0.0490618981420993,0.0115378508344292,0.0371013991534709,11.707296135962508,130.33583148981143,-0.0025707855820655,0.0144131332635879,-0.0098611712455749,-0.0076086269691586,-0.0135560510680079,0.0106326406821608,11.707296135962508,130.33583148981143,0.0045857280492782,-0.0011764429509639,0.0104938149452209,-0.0469081997871398,0.0068581439554691,0.0141081996262073,11.707296135962508,130.33583148981143,-0.0017497763037681,-0.0061548203229904,0.0081102848052978,-0.0303469095379114,-0.005964976735413,0.0171307548880577,11.707296135962508,130.33583148981143,0.0096191465854644,-0.0023748744279146,0.00884211063385,-0.0047592311166226,-0.00933254417032,0.0093807224184274,11.707296135962508,130.33583148981143,0.0036738961935043,0.0082984790205955,-0.0010184049606323,0.0325788222253322,-0.0064802980050444,0.0117693115025758,11.707296135962508,130.33583148981143,-0.0016187131404876,0.0117300674319267,-0.0015925168991088,0.1050983220338821,-0.0402726158499717,-0.0093003883957862,11.707296135962508,130.33583148981143,0.0024879872798919,-0.0101823061704635,0.0111406445503234,-0.0174050126224756,-0.0056483270600438,-0.0036360437516123,11.707296135962508,130.33583148981143,0.0016920715570449,-0.0097397789359092,0.0039501786231994,-0.0364918038249015,-0.0073146661743521,-0.006769485771656,11.707296135962508,130.33583148981143,0.0091592222452163,0.0014663394540548,0.0045447349548339,-0.0200317669659852,-0.0058549875393509,0.0015226656105369,11.707296135962508,130.33583148981143,0.0046574249863624,-0.0088366847485303,0.005398690700531,-0.0289292819797992,0.0070674689486622,0.0255475081503391,11.707296135962508,130.33583148981143,0.007760964334011,0.0073928050696849,0.0024108290672302,-0.0081261051818728,0.0020042662508785,0.0003139234613627,11.707296135962508,130.33583148981143,-0.0001270920038223,0.0077520795166492,0.0026777386665344,-0.0050532175227999,0.0066381669603288,0.0044515770860016,11.707296135962508,130.33583148981143,0.0013033002614974,0.0055107083171606,-0.0009348392486572,0.0447372421622276,0.0530168525874614,0.0081198811531066,11.707296135962508,130.33583148981143,0.0024012327194213,-0.0129459593445062,0.0047065615653991,-0.0819440558552742,0.0372818298637867,0.038660280406475,11.707296135962508,130.33583148981143,-0.0085994601249694,0.0090033803135156,0.0049328804016113,0.013128450140357,-0.0009374609217047,0.0011392035521566,11.707296135962508,130.33583148981143,0.0017125532031059,-0.011334303766489,0.0098445415496826,-0.0379253588616848,-0.0053995875641703,0.0101190498098731,11.707296135962508,130.33583148981143,0.0010885819792747,0.0047863647341728,0.0006333589553833,0.0221887622028589,-0.0226395614445209,0.0087368357926607,11.707296135962508,130.33583148981143,0.0008057504892349,-0.0162540208548307,0.0156819224357604,-0.0380069613456726,-0.0075389053672552,-0.0214283559471368,11.707296135962508,130.33583148981143,-0.0054046213626861,-0.0034448672086,-0.0001887083053588,-0.0022336221300065,-0.0053276820108294,-0.0183331649750471,11.707296135962508,130.33583148981143,-0.0089161321520805,0.0177261922508478,-0.0059304237365722,0.0514712035655975,-0.0005723424255847,-0.0228032805025577,11.707296135962508,130.33583148981143,0.0021768286824226,0.0036177616566419,0.0027823448181152,-0.0136082768440246,0.0041545024141669,-0.0003741708351299,11.707296135962508,130.33583148981143,-0.0047353357076644,0.0049769561737775,0.0016651153564453,-0.0153389312326908,0.0040841954760253,0.0043140910565853,11.707296135962508,130.33583148981143,0.0043637230992317,-0.0081393793225288,0.0074267983436584,-0.0235989373177289,-0.0008032377809286,0.0099377557635307,11.707296135962508,130.33583148981143,0.0001328736543655,0.0021688994020223,0.0025919079780578,0.0199779942631721,0.0287954006344079,0.0196658819913864,11.707296135962508,130.33583148981143,0.0058769434690475,-0.0026143360882997,0.0103858113288879,-0.019184535369277,0.0307528227567672,0.0416917577385902,11.707296135962508,130.33583148981143,-0.0016907155513763,-0.0004433542490005,0.0058982968330383,0.0112850628793239,-0.0301294345408678,0.0165200252085924,11.707296135962508,130.33583148981143,0.0047176480293273,0.0077368188649415,-0.0053712725639343,-0.0019950296264141,-0.0010253451764583,0.0025738154072314,11.707296135962508,130.33583148981143,0.0066789910197257,-0.0013562394306063,0.0086780190467834,-0.0099185463041067,-0.0132087739184498,0.0150789879262447,11.707296135962508,130.33583148981143,-0.000986523926258,0.0061264680698513,0.0091179013252258,0.0049169119447469,0.0140398908406496,0.0064526759088039,11.707296135962508,130.33583148981143,-0.0078976228833198,-0.0058525614440441,0.0067260861396789,-0.038695465773344,0.013623371720314,-0.0021524301264435,11.707296135962508,130.33583148981143,-0.0008576735854148,-0.0034780222922563,-0.0019205212593078,0.0284904688596725,-0.0134436646476387,0.0103677231818437,11.707296135962508,130.33583148981143,0.0113584101200103,-0.0165118370205163,0.0124069452285766,-0.0490523390471935,0.0047260173596441,-0.0088689224794507,11.707296135962508,130.33583148981143,-0.0082756578922271,-0.0130866952240467,0.0082168579101562,0.0468519516289234,-0.0167715512216091,-0.0272966977208852,11.707296135962508,130.33583148981143,0.0120688006281852,-0.0104209538549184,0.0142799019813537,-0.0199072640389204,-0.0086222784593701,-0.0012187592219561,11.707296135962508,130.33583148981143,-0.0071021094918251,0.0069174990057945,0.0022534728050231,0.0280965324491262,-0.0015603741630911,-0.0125287380069494,11.707296135962508,130.33583148981143,0.0006168335676193,0.0035631023347377,-0.0007268190383911,0.0192168094217777,0.0058842254802584,0.0131095135584473,11.707296135962508,130.33583148981143,-0.0059250444173812,-0.0018765907734632,-0.0020839571952819,-0.0097404606640338,-0.0059633795171976,-0.0147710861638188,11.707296135962508,130.33583148981143,0.0025359094142913,0.0121184810996055,0.0038956403732299,0.014881182461977,-0.0018029883503913,0.0229181349277496,11.707296135962508,130.33583148981143,-0.0085639134049415,-0.0130256600677967,0.0078042745590209,-0.0203994959592819,0.0342503525316715,0.0393317639827728,11.707296135962508,130.33583148981143,0.0011499151587486,0.0007558595389127,0.0068193078041076,-0.0463398844003677,-0.0081796618178486,0.0025508785620331,11.707296135962508,130.33583148981143,0.0058166906237602,-0.0058412496000528,0.0039339065551757,-0.0168289970606565,-0.0099674416705966,0.0361767150461673,11.707296135962508,130.33583148981143,0.0056628435850143,0.0111733619123697,-0.0029817819595336,0.0125903580337762,0.0077585587278008,0.009895377792418,11.707296135962508,130.33583148981143,0.0034949705004692,0.0068254228681325,0.0015669465065002,0.0110784815624356,-0.0099344179034233,0.0095090195536613,11.707296135962508,130.33583148981143,-0.0037511736154556,-0.0019464511424303,0.0044555068016052,0.0242964420467615,-0.0244569033384323,0.0029206254985183,11.707296135962508,130.33583148981143,0.0025060474872589,-0.0058478377759456,0.0055873990058898,0.0076712598092854,-0.0021169753745198,-0.0178376827389001,11.707296135962508,130.33583148981143,0.0020052939653396,6.65523111820221e-05,0.0032094717025756,-0.0197724290192127,-0.004584927111864,0.0215926468372344,11.707296135962508,130.33583148981143,-0.0085646957159042,0.0113939344882965,0.0084593296051025,0.0046896645799279,-0.0002141464501619,-0.0281258411705493,11.707296135962508,130.33583148981143,0.0010179728269577,0.0104799158871173,0.0030340552330017,-0.0195597503334283,0.0104161277413368,-0.0065872590057551,11.707296135962508,130.33583148981143,-0.0029282495379447,0.0051481798291206,0.003330647945404,-0.0069125830195844,-0.0066928192973136,-0.0033727237023413,11.707296135962508,130.33583148981143,-0.0121341198682785,-0.0201324094086885,-0.0119132995605468,-0.0294864941388368,-0.022419050335884,0.0402416661381721,11.707296135962508,130.33583148981143,-0.0022637248039245,-0.0042349752038717,0.008211612701416,-0.0229474492371082,0.0056623849086463,0.0188820157200098,11.707296135962508,130.33583148981143,-0.0074442252516746,0.0084642954170703,0.0034462809562683,-0.0244842004030942,-0.0078662065789103,0.0329989679157733,11.707296135962508,130.33583148981143,-0.0023274570703506,0.0126606933772563,0.0023534893989562,-0.0042564528994262,0.0010449960827827,0.013474965468049,11.707296135962508,130.33583148981143,0.0008752942085266,0.0063145980238914,0.005132257938385,-0.013193542137742,0.0030125393532216,0.0074978340417146,11.707296135962508,130.33583148981143,0.0086643248796463,0.0178590826690197,0.0003252029418945,0.0356464609503746,-0.0062576588243246,-0.0017559519037604,11.707296135962508,130.33583148981143,,,,,,,,,Other
2023-02-20 09:12:07.591695,0.0267359018325805,0.1527184844017028,-0.0773619413375854,-0.4138032793998718,0.2481366395950317,0.2426796704530716,55.34789988129395,232.2156681167487,0.0914460122585296,-0.035891056060791,-0.0719208717346191,-0.5406842231750488,-0.0041792229749262,0.353008508682251,55.34789988129395,232.2156681167487,0.0167231261730194,-0.0090700685977935,0.0458476543426513,-0.292179137468338,0.0506587252020835,0.4150284230709076,55.34789988129395,232.2156681167487,-0.0412994921207428,0.1006628572940826,-0.1094955205917358,0.0792725458741188,-0.2258074879646301,0.1903142929077148,55.34789988129395,232.2156681167487,0.0177989900112152,0.0959811210632324,-0.0385128259658813,0.6564288139343262,-0.1073221266269683,-0.0570471920073032,55.34789988129395,232.2156681167487,0.0004316568374633,0.092248260974884,-0.0505850911140441,4.056008815765381,-0.1039060801267623,-0.1777828633785247,55.34789988129395,232.2156681167487,-0.0037761628627777,-0.038854956626892,0.0310165584087371,0.4816910326480865,-0.5455748438835144,-0.2782277166843414,55.34789988129395,232.2156681167487,-0.0835518836975097,-0.1737024784088134,0.1509957313537597,1.2163406610488892,-0.2965532839298248,0.1799503415822982,55.34789988129395,232.2156681167487,-0.0366066098213195,-0.0890477895736694,0.1125560998916626,1.3370096683502195,0.1773658096790313,-0.0419614873826503,55.34789988129395,232.2156681167487,0.0263609886169433,-0.0427801012992858,0.0804594159126281,0.3267004787921905,-0.0461426526308059,-0.1538164466619491,55.34789988129395,232.2156681167487,0.1199219226837158,-0.0464323163032531,0.0488887429237365,-0.2204286903142929,-0.1284202188253402,0.0965335443615913,55.34789988129395,232.2156681167487,-0.2980795502662658,0.0991265177726745,-0.0334999524056911,0.9144807457923888,0.2049529552459716,0.1237664222717285,55.34789988129395,232.2156681167487,0.0062461495399475,-0.0792040228843689,-0.0165456533432006,1.225500464439392,0.3755393326282501,0.3346790373325348,55.34789988129395,232.2156681167487,0.150484025478363,-0.0541332960128784,0.0917580723762512,1.345819115638733,0.3102160096168518,-0.1470782905817031,55.34789988129395,232.2156681167487,-0.0892487168312072,0.0169153213500976,0.0256004333496093,0.0565366894006729,0.1008699610829353,0.3569653034210205,55.34789988129395,232.2156681167487,0.1376034617424011,0.116318941116333,-0.0055022835731506,-0.8407244086265564,-0.0846772566437721,0.0036725455429404,55.34789988129395,232.2156681167487,0.1510204076766967,0.0395404696464538,-0.2008260488510131,-0.114388421177864,0.0883027762174606,0.0265124477446079,55.34789988129395,232.2156681167487,0.1100395321846008,-0.0442177653312683,-0.0367469191551208,-1.1254884004592896,-0.1731629222631454,-0.3116633892059326,55.34789988129395,232.2156681167487,0.0675678253173828,0.0174446702003479,-0.0827084779739379,-1.3600645065307615,-0.6836589574813843,-0.501406192779541,55.34789988129395,232.2156681167487,-0.0401242077350616,0.023776352405548,-0.033944547176361,-1.3901081085205078,-0.9568057656288148,-0.4070205688476562,55.34789988129395,232.2156681167487,-0.0432559251785278,0.0229922533035278,0.0050404146313667,-2.0594406127929688,-1.0718284845352173,-0.7908310890197754,55.34789988129395,232.2156681167487,-0.0276154279708862,-0.0712344050407409,-0.0674925744533538,-2.955272674560547,-0.8763330578804016,-0.620461106300354,55.34789988129395,232.2156681167487,-0.0329053699970245,-0.0571419596672058,-0.1649760603904724,-1.9269758462905884,-0.3841731548309326,-0.3418563306331634,55.34789988129395,232.2156681167487,0.1031970679759979,0.0874193906784057,-0.1393557786941528,-0.6108652353286743,-0.2452632188796997,-0.2611448764801025,55.34789988129395,232.2156681167487,0.0166980922222137,0.1003856062889099,-0.0863017439842224,-0.8095577359199524,-0.2868596613407135,-0.4499311447143554,55.34789988129395,232.2156681167487,0.0710479319095611,0.1457939147949218,-0.11990886926651,-0.4136951863765716,-0.1459459513425827,-0.4002193808555603,55.34789988129395,232.2156681167487,-0.0118281841278076,0.0695622563362121,-0.1123071312904357,-0.3851523399353027,0.067959688603878,-0.251340389251709,55.34789988129395,232.2156681167487,0.0735840499401092,0.1123060584068298,0.182670772075653,0.2675666213035583,-0.2133058011531829,0.4816516637802124,55.34789988129395,232.2156681167487,-0.0667445361614227,0.0455802083015441,0.0540533661842346,0.3734435439109802,0.4110935926437378,0.50429368019104,55.34789988129395,232.2156681167487,-0.0231438875198364,0.0340392589569091,0.0653085708618164,0.0014346614480018,0.2542603313922882,-0.0230474155396223,55.34789988129395,232.2156681167487,-0.0054461061954498,0.0099740028381347,-0.0113624930381774,-0.3038002252578735,-0.3399612307548523,-0.6677221655845642,55.34789988129395,232.2156681167487,-0.0115820169448852,0.0134077668190002,-0.0030716061592102,-0.8230884671211243,-0.8603463172912598,-0.8630719184875488,55.34789988129395,232.2156681167487,-0.0617815852165222,-0.0475630760192871,-0.0110857486724853,0.1370233595371246,-0.53163743019104,-0.8800767660140991,55.34789988129395,232.2156681167487,-0.0153627097606658,0.1949759721755981,0.0762800574302673,-0.3708482682704925,-1.055989384651184,-1.0847244262695312,55.34789988129395,232.2156681167487,0.0492899119853973,0.0986242890357971,0.1306606531143188,0.1017403304576873,-0.8909417986869812,-1.1435537338256836,55.34789988129395,232.2156681167487,-0.0364317893981933,0.0055688023567199,0.007833182811737,0.4333422482013702,-0.5019192695617676,-1.299338698387146,55.34789988129395,232.2156681167487,0.0599049180746078,-0.1065388917922973,0.0169248580932617,-0.6050493121147156,-0.8702468872070312,-0.9386952519416808,55.34789988129395,232.2156681167487,-0.0724289417266845,-0.0332106351852417,-0.1000553369522094,-0.5138257145881653,-0.4443568587303161,-0.4287133514881134,55.34789988129395,232.2156681167487,-0.0660614818334579,0.1415953040122985,-0.0292180180549621,-0.5439390540122986,-0.350856751203537,-0.2405965477228164,55.34789988129395,232.2156681167487,-0.1489969044923782,0.4970347881317138,0.0361793041229248,0.775710940361023,0.825452446937561,-0.0888538882136344,55.34789988129395,232.2156681167487,0.1871242821216583,0.3200109004974365,0.3268450498580932,1.8223907947540283,0.4748866856098175,0.404272973537445,55.34789988129395,232.2156681167487,-0.0350972712039947,-0.1680270433425903,0.0663683414459228,0.9354987144470216,0.4271183907985687,0.2979563474655151,55.34789988129395,232.2156681167487,-0.0115200281143188,-0.1751487255096435,0.1586785316467285,0.2444423884153366,0.7738412022590637,0.2868705093860626,55.34789988129395,232.2156681167487,-0.0015193819999694,-0.0465706586837768,-0.0491044521331787,-0.919672191143036,0.0657956004142761,0.0628954842686653,55.34789988129395,232.2156681167487,0.0072653144598007,-0.0024357438087463,-0.0364966988563537,-0.5691272020339966,-0.0421790704131126,-0.0178850758820772,55.34789988129395,232.2156681167487,0.0553858578205108,-9.5367431640625e-07,-0.038486361503601,-1.010614275932312,-0.5543389916419983,-0.1631760895252227,55.34789988129395,232.2156681167487,0.1108061820268631,0.0293982625007629,0.0759937167167663,-0.4902000725269317,-0.9480713605880736,-0.5511794090270996,55.34789988129395,232.2156681167487,0.0397046208381652,-0.009737491607666,-0.0212752223014831,-1.020236253738403,-0.8112994432449341,-0.8904595971107483,55.34789988129395,232.2156681167487,-0.0486137866973876,-0.0347888469696044,0.0940979719161987,-0.3934747874736786,-0.8392423987388611,-0.8776699900627136,55.34789988129395,232.2156681167487,-0.0747654736042022,0.0654348731040954,-0.1276599168777465,0.7378414869308472,-0.3128659427165985,-0.3565063178539276,55.34789988129395,232.2156681167487,-0.0284439921379089,0.0628674626350402,-0.0093064904212951,0.307705283164978,-0.1045487076044082,-0.0336984619498252,55.34789988129395,232.2156681167487,-0.0750964879989624,0.1201582551002502,0.0059859156608581,0.575323224067688,0.2319486141204834,0.0390658564865589,55.34789988129395,232.2156681167487,0.0046371221542358,0.1692696213722229,-0.0256832242012023,0.6127089858055115,0.3587574362754822,-0.0180015563964843,55.34789988129395,232.2156681167487,0.0793738663196563,0.2532809972763061,0.195352554321289,-0.4315638542175293,0.0082484176382422,0.1045823171734809,55.34789988129395,232.2156681167487,-0.077062040567398,-0.1788294315338134,0.1201421618461608,1.3409206867218018,0.5795081853866577,0.2628563046455383,55.34789988129395,232.2156681167487,0.0126079320907592,-0.1527037620544433,0.1372810006141662,0.2058561891317367,0.4234946370124817,-0.2115006744861602,55.34789988129395,232.2156681167487,0.0277176052331924,-0.1807292699813842,-0.0214850306510925,0.7998046875,0.3099025189876556,-0.1011799648404121,55.34789988129395,232.2156681167487,0.079498067498207,0.0639883279800415,-0.0748204588890075,0.3601835370063782,0.0409877225756645,0.0290127228945493,55.34789988129395,232.2156681167487,-0.0774091035127639,-0.012999951839447,-0.0505351424217224,0.2257338315248489,-0.0993813723325729,-0.0030789338052272,55.34789988129395,232.2156681167487,-0.0378653407096862,0.0978327989578247,0.0217746496200561,0.1968883723020553,-0.3418680429458618,-0.2057208865880966,55.34789988129395,232.2156681167487,0.0134567022323608,0.0428662300109863,0.15932297706604,-0.1941979974508285,-0.868391752243042,-0.0638990402221679,55.34789988129395,232.2156681167487,0.0189539939165115,0.0485811829566955,0.073039174079895,0.1191390305757522,-0.3152697384357452,-0.248130202293396,55.34789988129395,232.2156681167487,0.0039228945970535,-0.0810280442237854,0.1215830743312835,0.2246833443641662,-0.0178470984101295,-0.2622300386428833,55.34789988129395,232.2156681167487,-0.0261059999465942,-0.135310411453247,-0.1231272220611572,-0.3547595143318176,0.030945474281907,-0.0535995624959468,55.34789988129395,232.2156681167487,-0.0216948390007019,0.0327700972557067,-0.0367990434169769,0.0224169623106718,0.332468569278717,0.4103827178478241,55.34789988129395,232.2156681167487,-0.0681501924991607,0.0028134584426879,-0.0610061883926391,0.3789104521274566,0.487767606973648,0.4349430203437805,55.34789988129395,232.2156681167487,-0.0560913383960723,0.0932273864746093,0.0204993784427642,1.0697600841522217,0.6170845627784729,0.2000581920146942,55.34789988129395,232.2156681167487,-0.098623126745224,0.1929178237915039,0.0567819476127624,-0.155666247010231,0.831664502620697,0.6762526035308838,55.34789988129395,232.2156681167487,-0.0047356039285659,0.0009173154830932,0.0200794637203216,1.2885326147079468,1.0719892978668213,0.2084659487009048,55.34789988129395,232.2156681167487,0.0657383799552917,-0.0646526217460632,0.2311388254165649,0.7564776539802551,0.70365971326828,0.0906231254339218,55.34789988129395,232.2156681167487,0.0256707221269607,-0.1744377017021179,0.0283393561840057,0.1282142549753189,0.4715987741947174,-0.0512838810682296,55.34789988129395,232.2156681167487,0.0187183320522308,-0.0461951494216918,0.065075397491455,-0.0092028295621275,0.2087884396314621,0.0167091526091098,55.34789988129395,232.2156681167487,-0.0380555838346481,-0.020341157913208,-0.0080917477607727,-0.2078024744987487,-0.0417143478989601,0.1729288399219513,55.34789988129395,232.2156681167487,-0.0312714576721191,0.0370265245437622,-0.0214050114154815,-0.1691296696662902,-0.241971805691719,0.1886765509843826,55.34789988129395,232.2156681167487,0.0813386142253875,0.0956010222434997,0.1621273458003997,-0.7090619206428528,-0.5325221419334412,0.278111070394516,55.34789988129395,232.2156681167487,0.0355136096477508,-0.0111212730407714,-0.0695737600326538,-0.0741240382194519,-0.2464877218008041,-0.3011077046394348,55.34789988129395,232.2156681167487,0.1070677936077117,-0.0571537017822265,0.0573972761631011,-0.1470371484756469,-0.2797929644584656,-0.0922746285796165,55.34789988129395,232.2156681167487,-0.0902721583843231,-0.106939673423767,-0.004051923751831,0.3320837318897247,0.2510466873645782,0.146968126296997,55.34789988129395,232.2156681167487,-0.0095696002244949,-0.0198091864585876,0.0406827628612518,0.5415297746658325,0.5075405240058899,0.2110735774040222,55.34789988129395,232.2156681167487,-0.0007644146680831,-0.0388651490211486,-0.0330409407615661,0.014047073200345,0.7463855743408203,0.3121617436408996,55.34789988129395,232.2156681167487,0.0034143328666687,0.0638693571090698,-0.0739417374134063,0.2760883867740631,0.573439359664917,0.1701328307390213,55.34789988129395,232.2156681167487,0.0931460857391357,-0.0347317457199096,-0.123672991991043,-0.0734903663396835,0.3711624443531036,0.2356677949428558,55.34789988129395,232.2156681167487,0.2352534830570221,0.1755277514457702,0.0497828125953674,0.3465374708175659,-0.010708762332797,0.4117711782455444,55.34789988129395,232.2156681167487,-0.0314418673515319,-0.0075475573539733,0.2670400142669678,0.4247419834136963,0.4748480916023254,-0.4069704413414001,55.34789988129395,232.2156681167487,-0.1071786731481552,0.1575610637664795,0.3702739179134369,-0.6885364651679993,0.9226104021072388,-1.842950820922852,55.34789988129395,232.2156681167487,-0.1767952740192413,-0.0046162605285644,0.1554251611232757,-0.4770131111145019,1.931574821472168,-2.2918779850006104,55.34789988129395,232.2156681167487,0.0005365312099456,-0.2462081313133239,0.0038060545921325,-1.8475672006607056,2.286700963973999,-1.3756893873214722,55.34789988129395,232.2156681167487,0.4733037650585174,-0.1885861754417419,-0.4641996622085571,-1.12222158908844,0.2259567826986313,-0.3551589846611023,55.34789988129395,232.2156681167487,-0.1172528564929962,0.0271464586257934,-0.0785739421844482,-0.7931197285652161,-1.0740461349487305,0.0469800718128681,55.34789988129395,232.2156681167487,-0.0720791518688201,0.1548716425895691,-0.0295319557189941,-0.3700235486030578,-0.8312949538230896,-0.4318773150444031,55.34789988129395,232.2156681167487,0.1841690838336944,-0.1182624697685241,0.1119105219841003,-0.7713367938995361,-0.8775205612182617,-0.1321611851453781,55.34789988129395,232.2156681167487,0.1652565002441406,0.0566900670528411,0.1214143633842468,-0.5585725903511047,-1.1365156173706057,-0.4798990190029144,55.34789988129395,232.2156681167487,0.1268862038850784,0.038923293352127,0.114777386188507,-0.0859007015824318,-1.1044878959655762,-0.3817726373672485,55.34789988129395,232.2156681167487,0.0497666299343109,0.0928511619567871,0.1380904912948608,0.6307231783866882,-0.5890845060348511,-0.7059717178344727,55.34789988129395,232.2156681167487,0.0983723104000091,0.133630096912384,0.0481411218643188,2.641399621963501,-0.054820030927658,-0.8402857184410095,55.34789988129395,232.2156681167487,0.1197064816951751,0.1053707003593444,0.3582631945610046,7.012842178344727,-0.5322249531745911,-1.0533443689346311,55.34789988129395,232.2156681167487,0.1072052419185638,-0.1689932346343994,0.2851662635803222,-0.2882689535617828,-0.6169829964637756,-0.4693849682807922,55.34789988129395,232.2156681167487,0.1564849913120269,0.1818627715110778,0.0239583235234022,1.4019924402236938,-0.4873514771461487,-0.7737246751785278,55.34789988129395,232.2156681167487,0.1724610030651092,-0.0355145335197448,-0.0927393361926078,1.934220552444458,0.1089944690465927,0.163501352071762,55.34789988129395,232.2156681167487,,,,,,,,,Hobby
2023-02-20 15:28:37.628200,0.0626274347305297,0.1155439391732215,0.2263521254062652,-1.831510066986084,-0.1689576506614685,1.851372241973877,143.59305362106733,351.54079540141595,-0.0909731388092041,0.0711466670036315,-0.0420480370521545,0.1496262848377227,0.5154510736465454,1.2716782093048096,143.59305362106733,351.54079540141595,-0.0905351638793945,-0.0165538489818573,-0.0714629739522934,-0.6151723861694336,0.6139278411865234,1.113958716392517,143.59305362106733,351.54079540141595,-0.1521118879318237,0.0700246095657348,-0.152977705001831,-0.1567335426807403,0.5994545817375183,1.0860533714294434,143.59305362106733,351.54079540141595,-0.1473806500434875,0.2687923312187195,-0.1709927916526794,0.0786886736750602,0.4000149965286255,1.0824693441390991,143.59305362106733,351.54079540141595,0.1809781193733215,0.0025254487991333,0.0338170677423477,-0.3324360847473144,0.0800074264407157,0.3806531727313995,143.59305362106733,351.54079540141595,-0.0464397072792053,-0.1016030311584472,-0.0044529289007186,-0.1303125321865081,0.3000012934207916,0.5152421593666077,143.59305362106733,351.54079540141595,0.0540714859962463,-0.1313244104385376,-0.0223284512758255,-0.0999470353126525,0.2438794523477554,0.4987830221652984,143.59305362106733,351.54079540141595,0.0445557832717895,-0.1004165410995483,-0.0370298027992248,-0.059333000332117,0.1768255829811096,0.3842674493789673,143.59305362106733,351.54079540141595,0.1003680825233459,-0.0854637026786804,0.0169552713632583,-0.5274766087532043,-0.0682134628295898,0.0685603320598602,143.59305362106733,351.54079540141595,-0.0232214927673339,0.0441917777061462,-0.036635398864746,0.472669243812561,0.0208418443799018,-0.0099381003528833,143.59305362106733,351.54079540141595,-0.0781899690628051,0.048696219921112,0.025596797466278,-0.0762769877910614,-0.0685735195875167,-0.1301480680704116,143.59305362106733,351.54079540141595,-0.0558050870895385,0.0194253921508789,0.0388308316469192,-0.0614633969962596,-0.0088654514402151,-0.2725133597850799,143.59305362106733,351.54079540141595,-0.000708520412445,-0.0428331494331359,0.0486585646867752,-0.4739721119403839,0.0488820038735866,-0.1656744480133056,143.59305362106733,351.54079540141595,0.0009669661521911,-0.0427584648132324,-0.0128649473190307,0.0819309651851654,0.2189280241727829,-0.0934036374092102,25.32048444146052,343.0972260763158,0.0304548740386962,-0.0199690461158752,-0.0313764810562133,-0.0342949219048023,0.1091397479176521,-0.0054785702377557,25.32048444146052,343.0972260763158,0.0275070667266845,0.0307931303977966,-0.0003097057342529,-0.0359408594667911,0.0452310740947723,0.0376699641346931,25.32048444146052,343.0972260763158,-0.0118902325630187,-0.0212709903717041,0.037856638431549,-0.0678497329354286,-0.0327793061733245,-0.0267355889081954,25.32048444146052,343.0972260763158,0.0327321290969848,0.0349504351615905,-0.0183321237564086,0.2063104957342147,0.0119322389364242,-0.1134461164474487,25.32048444146052,343.0972260763158,-0.0077120065689086,-0.0125011205673217,-0.0125521272420883,-0.0359592884778976,-0.0356869436800479,-0.1310984045267105,25.32048444146052,343.0972260763158,0.0333707332611084,0.009397268295288,0.0437870174646377,-0.1863356083631515,-0.0483822338283062,-0.2405143529176712,25.32048444146052,343.0972260763158,-0.0196827054023742,0.0657703280448913,0.0388004332780838,-0.2571404874324798,0.2541272938251495,-0.2408302724361419,25.32048444146052,343.0972260763158,0.003560185432434,0.0112309455871582,0.0273797512054443,0.0246492512524127,0.2551233172416687,-0.274424284696579,25.32048444146052,343.0972260763158,-0.0081809163093566,-0.011198341846466,-0.046224407851696,-0.008660796098411,0.1465595662593841,-0.1513328701257705,25.32048444146052,343.0972260763158,0.0067023038864135,-0.0064219832420349,-0.0005409717559814,-0.0023159214761108,0.038742545992136,-0.1215064004063606,25.32048444146052,343.0972260763158,0.0003018975257873,-0.0258103013038635,0.0300153791904449,-0.3149414658546448,0.0349733754992485,0.0013849618844687,25.32048444146052,343.0972260763158,0.0139516592025756,0.0602906942367553,-0.0230175852775573,0.1509117931127548,0.0393891632556915,-0.0710692331194877,25.32048444146052,343.0972260763158,0.0741002559661865,-0.0113581120967864,0.0042327716946601,-0.058015402406454,0.0740816295146942,-0.2087710052728653,25.32048444146052,343.0972260763158,0.0234777331352233,-0.0253196358680725,0.0023145750164985,-0.1178861632943153,0.0789831802248954,-0.2578614056110382,25.32048444146052,343.0972260763158,-0.0111470818519592,0.0268280208110809,0.0008459165692329,0.0450493060052394,0.1491574645042419,-0.1894482374191284,25.32048444146052,343.0972260763158,0.0297852754592895,0.0389366745948791,0.0118134096264839,0.0475635938346385,0.1229679509997367,-0.2777186930179596,25.32048444146052,343.0972260763158,0.027338683605194,0.0289602577686309,-0.0204379484057426,0.1814315170049667,0.0993648841977119,-0.2764380276203155,25.32048444146052,343.0972260763158,0.0264346003532409,-0.0291590392589569,0.0046833828091621,-0.0011102552525699,-0.0747765526175499,-0.2822958827018738,25.32048444146052,343.0972260763158,0.0127243995666503,-0.0360283553600311,0.0188184902071952,0.1295319199562072,-0.0615315958857536,-0.2412202954292297,25.32048444146052,343.0972260763158,0.0104966759681701,0.0602833926677703,0.0182220414280891,0.6034268736839294,-0.1980606764554977,-0.2338710576295852,25.32048444146052,343.0972260763158,0.0011281967163085,0.077395886182785,0.0396021008491516,0.3162705898284912,-0.3231419026851654,-0.3475922048091888,25.32048444146052,343.0972260763158,0.0512315034866333,0.0175268352031707,0.0503534078598022,0.5817079544067383,-0.1014952585101127,-0.4707555174827575,25.32048444146052,343.0972260763158,0.0258492827415466,0.0163607597351074,0.1106879711151123,0.4716745615005493,-0.3016680181026459,-0.3385657072067261,25.32048444146052,343.0972260763158,0.1026632785797119,0.0146663635969161,0.1899402737617492,0.4714575409889221,-0.5548055171966553,-0.0465422831475734,25.32048444146052,343.0972260763158,0.0630974173545837,0.0421810001134872,0.1147396713495254,0.1853137016296386,-0.6913596391677856,0.1157538518309593,25.32048444146052,343.0972260763158,-0.0124235153198242,0.0808833986520767,0.0660175234079361,0.3490261733531952,-0.3058870136737823,0.0863623693585395,25.32048444146052,343.0972260763158,-0.052810251712799,0.0532510876655578,0.0101101547479629,0.2990091443061828,-0.2162639200687408,-0.3685154616832733,25.32048444146052,343.0972260763158,-0.0822522044181823,0.0092647522687911,-0.1211113780736923,-0.0055432734079658,-0.1137886717915535,-0.4692699909210205,25.32048444146052,343.0972260763158,-0.0599986314773559,-0.0269131809473037,-0.1612589806318283,0.5772183537483215,0.0458294823765754,-0.3392438590526581,25.32048444146052,343.0972260763158,-0.0480084419250488,0.0832553654909133,-0.0884014815092086,0.7259034514427185,-0.0801028758287429,-0.417031317949295,25.32048444146052,343.0972260763158,-0.0190727114677429,0.0237328261137008,0.0190353095531463,0.5647881627082825,-0.1280072927474975,-0.4039535522460937,25.32048444146052,343.0972260763158,-0.0225242972373962,0.1248107701539993,0.0108325481414794,0.5940054059028625,-0.1614725589752197,-0.4190972149372101,25.32048444146052,343.0972260763158,0.0174927115440368,0.123397521674633,0.0102707892656326,0.1779702007770538,-0.1045949012041091,-0.4051800966262817,25.32048444146052,343.0972260763158,0.006172776222229,0.1803298443555832,-0.0043940842151641,0.5612852573394775,0.0036980109289288,-0.5921446084976196,25.32048444146052,343.0972260763158,0.1585317254066467,0.0346612781286239,-0.0380046218633651,1.3501983880996704,0.409354954957962,-0.7104030847549438,25.32048444146052,343.0972260763158,-0.0028444528579711,-0.1172769293189048,0.010021686553955,0.0496940687298774,0.3001520335674286,-0.551547646522522,25.32048444146052,343.0972260763158,0.0238452553749084,-0.0331532806158065,0.0090171843767166,-0.0730275884270668,0.1199258118867874,-1.0337481498718262,25.32048444146052,343.0972260763158,-0.0132902860641479,0.0282486081123352,0.039434865117073,0.7354514002799988,0.1779909878969192,-1.090991497039795,25.32048444146052,343.0972260763158,0.0682481527328491,0.010477602481842,0.0407967567443847,0.5500649809837341,0.074379101395607,-0.8109121322631836,25.32048444146052,343.0972260763158,0.0151606202125549,-0.1080118119716644,0.0590991526842117,0.5612617135047913,-0.1672300696372985,-0.4584348499774933,25.32048444146052,343.0972260763158,0.1969209909439087,-0.0825794637203216,0.1075050979852676,-0.6492777466773987,-0.6498148441314697,-0.0738115236163139,25.32048444146052,343.0972260763158,0.030735433101654,-0.0516810119152069,-0.0272352546453475,0.0941930636763572,-0.1803384125232696,0.2452894747257232,25.32048444146052,343.0972260763158,-0.0500518679618835,-0.2607452273368835,0.0632677376270294,-1.1225486993789673,-0.525619626045227,0.4128889441490173,25.32048444146052,343.0972260763158,0.1331953406333923,-0.1452973484992981,-0.030437022447586,-0.2625465393066406,-0.1397630125284195,0.8653904795646667,25.32048444146052,343.0972260763158,-0.0615162849426269,-0.0103568434715271,-0.0380315780639648,0.0456974394619464,-0.0638565346598625,0.8589093089103699,25.32048444146052,343.0972260763158,-0.1322070360183715,0.2161217629909515,-0.0658100247383117,-0.5565038323402405,-0.361167848110199,0.6687614917755127,25.32048444146052,343.0972260763158,-0.1305274367332458,0.2792866826057434,-0.0549842417240142,-0.0651042833924293,-0.2232291400432586,0.3218908905982971,25.32048444146052,343.0972260763158,-0.0535023212432861,0.29092937707901,-0.0943410098552703,0.0521626062691211,-0.086554117500782,0.0381658822298049,25.32048444146052,343.0972260763158,0.2315113544464111,0.3602844476699829,-0.0186927914619445,0.3787911832332611,0.0119751160964369,-0.0727899670600891,25.32048444146052,343.0972260763158,-0.045265257358551,0.0541232228279113,-0.047017753124237,1.1006340980529783,0.1631174981594085,-1.4136567115783691,25.32048444146052,343.0972260763158,-0.0003749728202819,0.0108812153339385,0.1548438072204589,1.6247774362564087,0.0894469991326332,-1.471560001373291,25.32048444146052,343.0972260763158,0.097549557685852,-0.117229163646698,0.21884286403656,1.4404720067977903,-0.1319293230772018,-1.1677393913269043,25.32048444146052,343.0972260763158,0.1117098331451416,-0.2698943316936493,0.2222235202789306,0.5974610447883606,-0.0483137890696525,-0.3261584937572479,25.32048444146052,343.0972260763158,0.165716290473938,-0.1934411227703094,0.1399855315685272,-0.3281172215938568,0.0674498230218887,0.6419322490692139,25.32048444146052,343.0972260763158,0.2234106063842773,-0.0553868114948272,0.0497846007347106,-0.1295889765024185,0.5082796812057495,1.4692814350128174,25.32048444146052,343.0972260763158,-0.0721718668937683,-0.1040036380290985,0.0448724031448364,-0.5908595323562622,0.0769631713628768,0.8532763123512268,25.32048444146052,343.0972260763158,0.049281358718872,-0.0571335777640342,-0.0387829542160034,-0.7594254016876221,0.0959230065345764,0.5847498178482056,25.32048444146052,343.0972260763158,-0.0761208534240722,-0.0548721030354499,-0.0226325392723083,-0.6805645227432251,0.0929474607110023,0.497209221124649,25.32048444146052,343.0972260763158,-0.1005219221115112,0.0266718864440917,-0.0319089293479919,-0.5906552672386169,0.3141551911830902,0.5926603078842163,25.32048444146052,343.0972260763158,-0.1013240218162536,0.127262994647026,-0.1118657886981964,-0.249542623758316,0.3391750752925873,0.3261939883232116,25.32048444146052,343.0972260763158,-0.0608927607536315,0.1122895628213882,-0.0977213680744171,-1.052515149116516,0.1776421219110489,0.0718919560313224,25.32048444146052,343.0972260763158,0.07753586769104,0.1342806965112686,-0.0121905505657196,-0.688007116317749,0.1001611649990081,-0.3751454353332519,25.32048444146052,343.0972260763158,-0.0322033762931823,0.0290077701210975,0.0506676584482193,0.3071307837963104,0.1766519397497177,-0.3885886967182159,25.32048444146052,343.0972260763158,0.0513753294944763,-0.1908599734306335,0.1181502491235733,-0.475468635559082,0.1718524098396301,-1.0247464179992676,25.32048444146052,343.0972260763158,-0.0127918124198913,-0.214293897151947,0.1553742289543151,-1.1555057764053345,0.2167626172304153,-1.1744601726531982,25.32048444146052,343.0972260763158,-0.0496820211410522,-0.1750329136848449,0.161822497844696,-0.6643282175064087,0.5442222356796265,-0.7966005802154541,25.32048444146052,343.0972260763158,-0.1964547634124755,-0.1091876327991485,0.0262476205825805,-1.10761821269989,0.5756323933601379,-0.3935381472110748,25.32048444146052,343.0972260763158,-0.1276408433914184,-0.201642245054245,-0.0592790842056274,-1.9424660205841064,0.3693383038043976,-0.2580955326557159,25.32048444146052,343.0972260763158,-0.1015525460243225,-0.0737857818603515,-0.1279860734939575,-2.137568950653076,0.2433031350374221,-0.0847911685705185,25.32048444146052,343.0972260763158,0.0468794107437133,0.1630406379699707,-0.0691852569580078,-1.629482388496399,-0.0019598742946982,-0.190786138176918,25.32048444146052,343.0972260763158,0.24617999792099,0.1729157865047454,-0.0645528137683868,-1.332494616508484,0.2573973834514618,-0.3278073668479919,25.32048444146052,343.0972260763158,0.5634152889251709,0.4251935482025146,0.0951204299926757,-0.244250014424324,0.0908835157752037,0.4149485528469085,25.32048444146052,343.0972260763158,-0.0121589303016662,0.0098267793655395,0.1036435961723327,-0.5145265460014343,-0.3559333980083465,-0.3499933183193207,25.32048444146052,343.0972260763158,-0.0368720889091491,-0.0328480899333953,-0.0833337903022766,-0.414654791355133,0.1058954894542694,-0.1392849385738372,25.32048444146052,343.0972260763158,-0.0047105550765991,-0.0371308028697967,-0.0175429582595825,-0.4370432198047638,-0.0726497545838356,-0.2350250035524368,25.32048444146052,343.0972260763158,-0.003919780254364,-0.0165520012378692,0.0878719389438629,-0.483979195356369,-0.0422053001821041,0.0930745005607605,25.32048444146052,343.0972260763158,-0.0445092916488647,0.0030369758605957,0.0254875719547271,0.1187759339809417,0.0777410790324211,0.0775546357035636,25.32048444146052,343.0972260763158,-0.0092231631278991,0.0083009600639343,0.038642793893814,-0.0575936138629913,-0.0584399253129959,0.0818390548229217,25.32048444146052,343.0972260763158,0.0036879777908325,0.0432931780815124,0.0002234578132629,0.0898466557264328,-0.0363122560083866,0.0348807349801063,25.32048444146052,343.0972260763158,0.0003721714019775,0.0203381478786468,-0.0175605118274688,0.223833754658699,0.1510991901159286,-0.1169852912425994,25.32048444146052,343.0972260763158,0.0073484182357788,-0.0232172608375549,-0.0058652758598327,0.1167921423912048,0.0943261757493019,0.030098833143711,25.32048444146052,343.0972260763158,0.0120736956596374,0.008659690618515,-0.0198798477649688,0.1146668046712875,0.1115099638700485,-0.0387821979820728,25.32048444146052,343.0972260763158,-0.0068181753158569,-0.0518795251846313,-0.0154505372047424,-0.174192726612091,0.0213017724454402,-0.0023899360094219,25.32048444146052,343.0972260763158,-0.0069950819015502,0.0169752240180969,-0.0149353146553039,-0.1115184426307678,-0.0260260626673698,-0.0825230181217193,25.32048444146052,343.0972260763158,-0.0090485215187072,-0.0064287483692169,-0.0153655409812927,-0.0103278290480375,-0.0229546390473842,-0.0718263983726501,25.32048444146052,343.0972260763158,Exercise
2023-02-21 10:26:02.641081,0.0258828550577163,-0.0335412323474884,0.0341165661811828,0.0468712672591209,-0.0595036372542381,-0.0406316295266151,14.14844281145687,45.98778381069173,-0.0154905021190643,-0.0049392879009246,-0.0259363055229187,-0.0154051324352622,0.0121841337531805,0.0343054234981536,14.14844281145687,45.98778381069173,0.0058806389570236,-0.0058172345161437,0.0203961730003356,-0.0241511669009923,-0.0054758200421929,0.0436623767018318,14.14844281145687,45.98778381069173,-0.0100158154964447,0.0112538635730743,0.015105664730072,0.024271385744214,-0.0254745632410049,0.021253140643239,14.14844281145687,45.98778381069173,0.0281065255403518,0.03529953956604,0.0356552600860595,0.0069169239141047,0.0513224825263023,-0.0709190964698791,14.14844281145687,45.98778381069173,-0.0093023777008056,0.0032725036144256,-0.0142553448677062,-0.0025790026411414,0.0263574756681919,-0.0298399049788713,14.14844281145687,45.98778381069173,0.0152595043182373,0.0045798420906066,0.0028961896896362,-0.050963070243597,0.004119548946619,0.0026396419852972,14.14844281145687,45.98778381069173,0.0188108086585998,0.0147383213043212,0.0129272937774658,-0.2177886813879013,0.0095659792423248,-0.1249939128756523,14.14844281145687,45.98778381069173,0.0409024059772491,0.0217232704162597,-0.0212649703025817,-0.1600685715675354,-0.1147700846195221,-0.4308370947837829,14.14844281145687,45.98778381069173,-0.0274435095489025,0.0245305001735687,0.0729953646659851,-1.8763490915298464,-0.1245276480913162,-0.6547826528549194,14.14844281145687,45.98778381069173,-0.0259990543127059,-0.0837950110435485,0.0414415001869201,-2.207704782485962,0.019570143893361,-0.5391755700111389,14.14844281145687,45.98778381069173,0.0096164345741271,-0.0210427045822143,0.041457176208496,-2.2906954288482666,0.1067042499780654,-0.5144695043563843,14.14844281145687,45.98778381069173,0.0171439796686172,0.0198439955711364,0.0005727708339691,-1.7335413694381714,0.3963041007518768,-0.4494776427745819,14.14844281145687,45.98778381069173,-0.0296159535646438,0.0934007167816162,-0.0102162659168243,-1.0789088010787964,0.5230907797813416,-0.395458847284317,14.14844281145687,45.98778381069173,-0.0390941500663757,-0.0482616424560546,0.0442872047424316,-0.9024754762649536,0.5781830549240112,-0.0605419240891933,14.14844281145687,45.98778381069173,-0.0082882046699523,-0.0320229530334472,-0.0071767568588256,-0.4320622086524963,0.7261248826980591,0.1778481155633926,14.14844281145687,45.98778381069173,0.038929171860218,-0.2372488379478454,-0.0074261352419853,-1.6723017692565918,0.601426362991333,0.2470744848251342,14.14844281145687,45.98778381069173,0.0116531923413276,-0.1626854538917541,-0.0213502030819654,-1.1845016479492188,1.033247470855713,0.9648331999778748,14.14844281145687,45.98778381069173,-0.0642833709716796,-0.0981136560440063,0.0162237882614135,-0.4205560982227325,0.9663712978363036,0.7124475836753845,14.14844281145687,45.98778381069173,-0.0080766975879669,-0.0172647833824157,0.0666757822036743,-0.776624321937561,0.8319847583770752,0.3853439688682556,14.14844281145687,45.98778381069173,-0.0023128911852836,0.0024672746658325,-0.0272434800863266,-0.4944566488265991,0.7575035691261292,0.1499435305595398,14.14844281145687,45.98778381069173,-0.0072590857744216,-0.0403512120246887,-0.065664529800415,-0.5755756497383118,0.4154660999774933,-0.237310841679573,14.14844281145687,45.98778381069173,-0.0552021861076355,0.0049706697463989,0.0845428705215454,0.6159116625785828,0.7844153642654419,-0.0633276924490928,14.14844281145687,45.98778381069173,-0.03910693526268,0.1437151432037353,0.0816025733947753,1.0809799432754517,1.0441792011260986,0.0915056690573692,14.14844281145687,45.98778381069173,0.0706393718719482,0.0284511446952819,-0.0271367952227592,-0.2233949452638626,0.6469533443450928,0.2212295979261398,14.14844281145687,45.98778381069173,0.1992798149585724,0.0442253351211547,-0.053876519203186,0.6675620079040527,0.4991593956947326,0.1132272034883499,14.14844281145687,45.98778381069173,0.090051382780075,0.005092442035675,-0.1032786965370178,0.1325304359197616,0.3280406296253204,0.1596547663211822,14.14844281145687,45.98778381069173,0.0647821277379989,-0.0725581645965576,-0.0390446186065673,-0.101284809410572,0.110818825662136,0.0274360347539186,14.14844281145687,45.98778381069173,-0.0089938640594482,0.0612644553184509,-0.0022916197776794,0.04812553524971,0.0880639776587486,0.0642969459295272,14.14844281145687,45.98778381069173,-0.0172891467809677,-0.031567633152008,-0.0138773918151855,-0.3494073152542114,-0.0309012867510318,0.0867163687944412,14.14844281145687,45.98778381069173,-0.0867282822728157,-0.0097794532775878,-0.0307243466377258,0.0847693011164665,-0.0355623513460159,0.1212579011917114,14.14844281145687,45.98778381069173,-0.0836554691195488,0.0919251441955566,0.0412971973419189,0.2446885704994201,-0.064748466014862,0.0823181271553039,14.14844281145687,45.98778381069173,0.0122271552681922,0.0407395362854003,0.0575541257858276,0.3670916259288788,0.0102131273597478,0.0241131093353033,14.14844281145687,45.98778381069173,0.0369428247213363,-0.0077624320983886,0.1063836887478828,0.4999193847179413,0.1718233376741409,-0.1399765312671661,14.14844281145687,45.98778381069173,0.0733748376369476,-0.0892869234085083,0.0338272005319595,0.9330569505691528,0.348135232925415,-0.0918328016996383,14.14844281145687,45.98778381069173,0.0335119068622589,0.0683186054229736,0.0319815874099731,0.8490067720413208,0.1290971636772155,0.026313479989767,14.14844281145687,45.98778381069173,0.0108341872692108,-0.0437729358673095,-0.0400098860263824,0.1311705559492111,-0.026465255767107,-0.0319730639457702,14.14844281145687,45.98778381069173,0.0663321241736412,-0.1217663288116455,-0.106423407793045,-0.5783255100250244,-0.0121486373245716,0.3792153596878052,14.14844281145687,45.98778381069173,-0.0124284848570823,0.0829225778579711,0.0265781283378601,-0.1583680361509323,-0.0129012465476989,0.1693709045648574,14.14844281145687,45.98778381069173,-0.006480261683464,0.0223570466041564,0.0112584829330444,-0.2006482928991317,-0.0264207813888788,0.0133733451366424,14.14844281145687,45.98778381069173,0.0293257683515548,-0.0393124818801879,-0.0671267360448837,-0.2263231575489044,-0.0385312438011169,0.0104226963594555,14.14844281145687,45.98778381069173,0.0045409053564071,-0.0966834425926208,0.0030458569526672,-0.9876863360404968,-0.0816121324896812,0.1065289825201034,14.14844281145687,45.98778381069173,-0.0143142640590667,-0.0017163753509521,-0.0361709594726562,-1.0224401950836182,-0.1520871073007583,0.0547108985483646,14.14844281145687,45.98778381069173,0.0061659663915634,0.0016905665397644,-0.0008641518652439,-0.6745197772979736,-0.1885633468627929,0.0505998097360134,14.14844281145687,45.98778381069173,0.0192272365093231,0.0081783533096313,-0.0221445634961128,0.1550504118204116,0.0365736298263073,0.0295166950672864,14.14844281145687,45.98778381069173,0.0005273222923278,0.0257766246795654,0.0086122751235961,0.3122590780258178,0.0774670019745826,-0.0342189036309719,14.14844281145687,45.98778381069173,0.1187811493873596,-0.0064363479614257,0.023074273020029,0.624093234539032,0.1786471456289291,-0.2259151488542556,14.14844281145687,45.98778381069173,0.1016349866986274,0.0101550221443176,-0.0744745731353759,0.8754697442054749,0.1041390895843505,-0.1445389240980148,14.14844281145687,45.98778381069173,-0.03125961124897,0.1000117063522338,0.0933507159352302,0.5986136198043823,0.2108807116746902,-0.2226394116878509,14.14844281145687,45.98778381069173,-0.0799710601568222,-0.097716748714447,0.1442629098892212,1.175203800201416,0.4801177978515625,-0.154578149318695,14.14844281145687,45.98778381069173,0.0164615809917449,-0.0212454199790954,-0.0018903613090515,0.4386135041713714,0.1159414201974868,-0.0565893612802028,14.14844281145687,45.98778381069173,-0.0494962483644485,0.0715171694755554,-0.0285456776618957,-0.1564650237560272,0.0600344762206077,-0.0716921463608741,14.14844281145687,45.98778381069173,-0.0064881369471549,0.0301010012626647,0.000318244099617,-0.1147358492016792,-0.0022294274531304,0.0488296747207641,14.14844281145687,45.98778381069173,0.028616189956665,0.074877917766571,-0.0802643746137619,0.2028493732213974,0.0152462357655167,0.0177804455161094,14.14844281145687,45.98778381069173,-0.0244833156466484,-0.0338934063911438,0.0144247412681579,-0.082548938691616,-0.1104792058467865,0.0785764455795288,14.14844281145687,45.98778381069173,0.0291609689593315,-0.0060567259788513,-0.0159397572278976,-0.0165098384022712,-0.135774165391922,0.0498386099934577,14.14844281145687,45.98778381069173,0.1089804396033287,0.0129246115684509,-0.0226893275976181,-0.0467059314250946,-0.3454394936561584,-0.1582987457513809,14.14844281145687,45.98778381069173,0.012560561299324,-0.0568282604217529,-0.0252124369144439,-0.1898019760847091,-0.5511210560798645,-0.093060053884983,14.14844281145687,45.98778381069173,-0.0295150801539421,-0.0086725950241088,0.0730561912059784,0.0076006376184523,-0.3838857114315033,0.0976567715406417,14.14844281145687,45.98778381069173,-0.0339523255825042,0.0401031374931335,0.0642885863780975,-0.2137239724397659,-0.2145683169364929,-0.0597400479018688,14.14844281145687,45.98778381069173,-0.0321396775543689,-0.05047208070755,0.0539199262857437,-1.027760028839111,-0.3011791110038757,-0.0863440260291099,14.14844281145687,45.98778381069173,-0.0198090560734272,0.0813765525817871,0.0200645960867404,-0.5871530175209045,0.0096123181283473,-0.0051504708826541,14.14844281145687,45.98778381069173,-0.0607405118644237,-0.0597319602966308,0.0126683134585618,-0.1921086311340332,0.15037502348423,-0.0082596112042665,14.14844281145687,45.98778381069173,0.0511720925569534,0.0210152268409729,-0.0052995700389146,-0.6279418468475342,-0.1952574700117111,-0.0944603756070137,14.14844281145687,45.98778381069173,0.0172310173511505,0.0086545944213867,-0.0859098434448242,-0.0694097578525543,-0.0251230243593454,-0.0167458076030015,14.14844281145687,45.98778381069173,-0.0459898598492145,-0.0370805263519287,-0.0159467384219169,-0.3458800017833709,-0.215845301747322,0.1165425404906272,14.14844281145687,45.98778381069173,-0.0467137806117534,-0.0240687727928161,0.0487717390060424,1.2857978343963623,0.2772448062896728,-0.0566078349947929,14.14844281145687,45.98778381069173,-0.0306784100830554,0.1395192146301269,-0.0043538138270378,1.3986293077468872,0.482327401638031,-0.1479681134223938,14.14844281145687,45.98778381069173,0.0020051654428243,-0.0542482137680053,-0.0147993266582489,1.5897780656814575,0.4528214335441589,-0.207220047712326,14.14844281145687,45.98778381069173,0.0250897705554962,-0.0328606367111206,0.0028496384620666,1.2093946933746338,0.6009458899497986,-0.1639523953199386,14.14844281145687,45.98778381069173,0.0465600974857807,-0.0996604561805725,-0.0802068710327148,-0.1167093589901924,0.0174169782549142,0.0986297205090522,14.14844281145687,45.98778381069173,0.0020955950021743,0.027375042438507,0.0127981901168823,-0.0536524951457977,0.1128801181912422,-0.0651125088334083,14.14844281145687,45.98778381069173,-0.0251902863383293,-0.0021049380302429,0.0017693042755126,-0.0635592639446258,0.0630598291754722,-0.1245188787579536,14.14844281145687,45.98778381069173,-0.023869764059782,0.053091287612915,-0.0334043502807617,0.0529507808387279,0.165021613240242,-0.155169203877449,14.14844281145687,45.98778381069173,0.0014581996947526,-0.0134863853454589,-0.0451037287712097,-0.360777199268341,-0.1090008839964866,-0.0393305793404579,14.14844281145687,45.98778381069173,0.0185008645057678,-0.0671334266662597,0.0242522358894348,-0.3278144001960754,-0.0778482854366302,0.0443747080862522,14.14844281145687,45.98778381069173,0.0359925851225853,0.1458616256713867,-0.1239591240882873,-0.3319684863090515,-0.2029758393764495,0.1169163510203361,14.14844281145687,45.98778381069173,-0.0474840477108955,-0.1048276424407959,-0.0417268872261047,-0.1096047088503837,-0.4566048979759216,0.3087779879570007,14.14844281145687,45.98778381069173,-0.0280813705176115,0.119521677494049,0.0265542566776275,0.0909136831760406,-0.0511064231395721,-0.0029896816704422,14.14844281145687,45.98778381069173,0.0067292656749486,-0.0438608527183532,0.0348084867000579,-0.1678129732608795,0.0422078110277652,-0.0196366682648658,14.14844281145687,45.98778381069173,-0.0145576186478137,-0.049963891506195,-0.004067987203598,-0.1761453598737716,-0.2421893030405044,0.237331673502922,14.14844281145687,45.98778381069173,-0.0181322135031223,0.0090564489364624,-0.0075134932994842,0.030648274347186,0.4747741222381592,-0.341998815536499,14.14844281145687,45.98778381069173,-0.0174226406961679,0.002530038356781,0.0033095479011535,-0.0239403769373893,-0.1213166713714599,0.1422699391841888,14.14844281145687,45.98778381069173,0.013016490265727,-0.038664162158966,-0.0243795216083526,0.0473290644586086,0.0229901745915412,0.0043815150856971,14.14844281145687,45.98778381069173,0.0229055937379598,0.0096269249916076,-0.0063244104385375,-0.0848730504512786,-0.0004477729089558,0.0611092783510685,14.14844281145687,45.98778381069173,-0.0229169577360153,-0.0037028193473815,0.0246579945087432,-0.0134382545948028,0.0106679955497384,0.0910617485642433,14.14844281145687,45.98778381069173,0.0401510782539844,0.0185410380363464,-0.00169238448143,-0.1449201107025146,-0.0429089479148387,-0.0207259692251682,14.14844281145687,45.98778381069173,0.0005971416831016,-0.0344321131706237,-0.0065945088863372,-0.9351257085800172,-0.1633464097976684,-0.0883032828569412,14.14844281145687,45.98778381069173,-0.0236485097557306,0.0190109610557556,0.0101175010204315,0.1312442123889923,0.0615524798631668,-0.0699892565608024,14.14844281145687,45.98778381069173,-0.0132516119629144,0.0826369524002075,0.0231705009937286,0.220305398106575,-0.0053530489094555,-0.0676585510373115,14.14844281145687,45.98778381069173,0.004522911272943,-0.0175067782402038,0.0083565413951873,0.275682657957077,0.0417952872812747,-0.0195387974381446,14.14844281145687,45.98778381069173,0.0084774224087595,0.0212240815162658,0.0312142670154571,0.0542362369596958,0.0397443883121013,-0.0077920597977936,14.14844281145687,45.98778381069173,0.0002479897812008,0.0095716118812561,0.0233838260173797,0.0321495756506919,0.0131612466648221,-0.0001309446524828,14.14844281145687,45.98778381069173,-0.021235417574644,0.0250749588012695,0.0183024406433105,-0.0584392845630645,0.0240168236196041,-0.002844572532922,14.14844281145687,45.98778381069173,0.009085651487112,-0.0025070905685424,-0.0386470854282379,0.007778350263834,-0.0323303379118442,-0.0008501313859596,14.14844281145687,45.98778381069173,0.0152969164773821,-0.0092535018920898,0.0027127563953399,-0.0600929744541645,0.0272669456899166,0.0237606391310691,14.14844281145687,45.98778381069173,0.0049084583297371,-0.0008879899978637,-0.033686488866806,0.0450064130127429,-0.0320789329707622,0.0172665547579526,14.14844281145687,45.98778381069173,0.0131300566717982,-0.0209011435508728,0.0073799788951873,0.0879820585250854,0.0196305979043245,0.0179934650659561,14.14844281145687,45.98778381069173,-0.0149354171007871,-0.0253741145133972,0.0354018807411193,-0.0247867833822965,0.0327943377196788,0.0128305936232209,14.14844281145687,45.98778381069173,-0.0073471358045935,-0.0111437439918518,0.0137825906276702,-0.1186430007219314,0.0564533248543739,0.0030569592490792,14.14844281145687,45.98778381069173,Hobby
2023-02-21 13:18:32.637311,0.1628679037094116,0.0211970806121826,0.0598918795585632,-0.7004648447036743,-0.119407445192337,-0.0688056796789169,14.14844281145687,45.98778381069173,0.1613164842128753,0.0632803440093994,0.0857154726982116,-0.2123298048973083,-0.0324283391237258,-0.154421791434288,14.14844281145687,45.98778381069173,0.1671566665172577,0.0476372838020324,0.0925213396549224,-0.9878270030021667,0.0434816032648086,-0.5991608500480652,14.14844281145687,45.98778381069173,0.1109701693058013,0.0525721907615661,0.0733247995376586,0.5364338755607605,-0.1543973982334137,-0.0934347584843635,14.14844281145687,45.98778381069173,0.1353323459625244,0.0450893640518188,-0.0007050335407257,0.3531224727630615,-0.1879577487707138,0.1797416508197784,14.14844281145687,45.98778381069173,0.196762204170227,-0.1195268034934997,0.287843644618988,1.2769582271575928,0.753623366355896,0.2387206107378006,14.14844281145687,45.98778381069173,0.2913590669631958,-0.0805540084838867,0.3841121196746826,0.2354557961225509,2.051999807357788,-0.1740943491458892,14.14844281145687,45.98778381069173,0.31143519282341,-0.0057445168495178,0.457848459482193,0.3361640274524688,2.7471556663513184,0.1402520686388015,14.14844281145687,45.98778381069173,-0.089917778968811,0.2002133727073669,0.1187888979911804,-0.6952900886535645,2.966956853866577,1.0133519172668457,14.14844281145687,45.98778381069173,-0.1966813206672668,0.4512271285057068,-0.0269409120082855,2.094235420227051,4.097533702850342,0.2585633993148803,14.14844281145687,45.98778381069173,0.307435929775238,0.3426390290260315,-0.2290236502885818,2.971544981002808,4.464728832244873,-2.0488343238830566,14.14844281145687,45.98778381069173,0.5353531837463379,0.3236843943595886,0.1337611079216003,5.507569313049316,2.7124154567718506,-3.35231876373291,14.14844281145687,45.98778381069173,0.4985722303390503,-0.0184767842292785,0.2694894075393677,4.267772197723389,0.7816464900970459,-2.8854105472564697,14.14844281145687,45.98778381069173,0.3245961666107178,0.0574493408203125,0.232452392578125,2.0257012844085693,0.1512424200773239,-2.099703550338745,14.14844281145687,45.98778381069173,0.1400755047798156,0.0190695524215698,0.2055109739303589,0.871795654296875,0.203985795378685,-1.5399852991104126,14.14844281145687,45.98778381069173,0.0019270330667495,-0.1342900693416595,0.0804164409637451,0.1929030120372772,0.1891415864229202,-1.5782830715179443,14.14844281145687,45.98778381069173,-0.0062122344970703,-0.0676895081996917,-0.107829213142395,0.1459476053714752,0.5309932231903076,-0.919279396533966,14.14844281145687,45.98778381069173,-0.1420606076717376,0.0417533814907074,0.0136195421218872,-0.1061412394046783,0.867560088634491,-1.2023603916168213,14.14844281145687,45.98778381069173,-0.0183882415294647,0.0080862343311309,0.0542631149291992,-0.267353355884552,0.2742972373962402,-0.0761378929018974,14.14844281145687,45.98778381069173,0.0397551506757736,0.0143655240535736,0.061046302318573,-0.4503654837608337,0.0296123921871185,-0.3994059264659881,14.14844281145687,45.98778381069173,-0.0548744201660156,0.0099583864212036,-0.042781114578247,-0.3512746393680572,0.1183060407638549,-0.0712287873029708,14.14844281145687,45.98778381069173,0.0015497356653213,-0.086737185716629,-0.0368789434432983,-0.114006407558918,-0.0701698586344719,0.360119104385376,14.14844281145687,45.98778381069173,-0.0957576036453247,-0.0664341151714325,-0.1046303510665893,0.7691458463668823,-0.0263976119458675,0.7437776923179626,14.14844281145687,45.98778381069173,0.0149702876806259,0.0849522352218627,-0.210209846496582,1.1775310039520264,-0.0006251391023397,1.3842860460281372,14.14844281145687,45.98778381069173,0.2500130534172058,-0.0483482480049133,-0.0293214321136474,1.0404188632965088,0.1159946843981742,1.2103157043457031,14.14844281145687,45.98778381069173,0.0933356881141662,0.0155634433031082,-0.0263023972511291,0.6917791366577148,-0.2562878131866455,0.9553941488265992,14.14844281145687,45.98778381069173,-0.0355181097984313,-0.0036588311195373,0.1043446660041809,0.4909551739692688,0.4298567473888397,2.326695203781128,14.14844281145687,45.98778381069173,-0.0053319633007049,-0.2492548674345016,0.2793017625808716,-7.516550064086914,-1.2441325187683103,1.2461622953414917,14.14844281145687,45.98778381069173,-0.030297428369522,-0.0749775171279907,0.1631512641906738,-9.892642974853516,-2.7488443851470947,0.3228826224803924,14.14844281145687,45.98778381069173,-0.130567118525505,0.2825291752815246,0.0579740107059478,-3.343234062194824,-0.9112488627433776,-0.102618969976902,14.14844281145687,45.98778381069173,0.0685423836112022,0.7591456770896912,0.9584556818008424,12.093158721923828,5.572728633880615,-3.4222090244293213,14.14844281145687,45.98778381069173,1.0545002222061155,0.2453717291355133,0.6732738018035889,7.757210254669189,1.581549048423767,-3.739198684692383,14.14844281145687,45.98778381069173,-0.0568340271711349,-0.2716729342937469,0.007898211479187,1.9834738969802856,0.1118244379758834,-1.9518502950668333,14.14844281145687,45.98778381069173,0.1391160935163498,-0.112936332821846,0.0903033018112182,0.7511239051818848,-0.0924935489892959,-0.6956567168235779,14.14844281145687,45.98778381069173,0.0559540390968322,-0.0454566180706024,0.1621796488761901,1.5690292119979858,0.8665768504142761,1.518208146095276,14.14844281145687,45.98778381069173,-0.0139788389205932,0.0439563691616058,0.0716498494148254,0.6147675514221191,0.3858549296855926,1.1185541152954102,14.14844281145687,45.98778381069173,-0.0127429515123367,-0.1355658173561096,0.1251285672187805,-0.2097730487585067,-0.0080348514020442,2.022621154785156,14.14844281145687,45.98778381069173,0.2004158943891525,0.0970579981803894,0.0279213190078735,-2.303720235824585,0.8611418008804321,0.6309382319450378,14.14844281145687,45.98778381069173,0.0941849052906036,-0.0947180688381195,-0.0973519086837768,-1.974327802658081,2.078033924102783,0.7010959982872009,14.14844281145687,45.98778381069173,0.0939010679721832,0.0220904052257537,-0.0372314453125,-1.0029422044754028,0.1937890797853469,0.6560760736465454,14.14844281145687,45.98778381069173,-0.0207082331180572,-0.0217004716396331,0.0561358928680419,-2.2683537006378174,-0.5602588653564453,-0.4710081815719604,14.14844281145687,45.98778381069173,-0.1182743310928344,-0.0254232734441757,0.0146209597587585,1.6579034328460691,1.044628381729126,-0.5857911705970764,14.14844281145687,45.98778381069173,0.006200224161148,-0.1109210848808288,-0.2366759181022644,-0.5512564778327942,0.6707055568695068,0.6705136299133301,14.14844281145687,45.98778381069173,-0.0217192471027374,-0.0123287439346313,-0.0251305103302001,-0.3735823035240173,0.1783483326435089,2.582637071609497,14.14844281145687,45.98778381069173,0.0267931520938873,-0.058714747428894,0.0682883858680725,-1.878409624099732,0.3771016597747803,2.7691869735717773,14.14844281145687,45.98778381069173,0.0130862593650817,-0.0239519625902175,0.1788793206214904,-0.703073263168335,0.3520141243934631,0.4080566763877868,14.14844281145687,45.98778381069173,-0.2296274006366729,0.0495967492461204,-0.0728460550308227,-0.0729641690850257,0.1925152987241745,-4.778581142425537,14.14844281145687,45.98778381069173,0.1806967854499817,-0.025246262550354,0.0449485182762146,-0.6972362399101257,0.4123714864253998,1.0863295793533323,14.14844281145687,45.98778381069173,0.1814130544662475,0.0689956545829773,-0.1060312986373901,-0.947607398033142,0.3899481892585754,3.508172512054444,14.14844281145687,45.98778381069173,0.2522840499877929,-0.0853897333145141,0.1549559235572815,-0.7174598574638367,-0.0089432569220662,2.686701536178589,14.14844281145687,45.98778381069173,-0.0232660770416259,-0.187036782503128,-0.0427682399749755,-0.8144567012786865,-0.5211487412452698,-0.1472351998090744,14.14844281145687,45.98778381069173,0.0094216167926788,0.0086351111531257,0.0142194628715515,-0.5784367322921753,-0.0275036245584487,0.9139265418052672,14.14844281145687,45.98778381069173,-0.064222514629364,-0.1060564815998077,-0.0314502716064453,0.3726441860198974,0.249298945069313,0.4113456904888153,14.14844281145687,45.98778381069173,0.2152151465415954,-0.1606338173151016,0.1167173981666565,-1.9540257453918457,0.056730031967163,2.499773979187012,14.14844281145687,45.98778381069173,-0.2019021213054657,-0.1124390810728073,0.044478952884674,-0.3199556171894073,-0.3152706921100616,1.178260326385498,14.14844281145687,45.98778381069173,-0.0419050157070159,0.1794304996728897,-0.0505785346031188,-0.0966961756348609,-0.0079669412225484,0.9247440099716188,14.14844281145687,45.98778381069173,0.0314629673957824,0.1087303310632705,0.0534517765045166,-0.0298285726457834,-0.1021283268928527,0.7066823244094849,14.14844281145687,45.98778381069173,-0.031542032957077,0.0318481773138046,0.0373392105102539,-0.1707874536514282,0.0142462188377976,0.7240801453590393,14.14844281145687,45.98778381069173,-0.0269159078598022,0.0164603739976882,0.0369630455970764,-0.1227090582251548,0.2134200483560562,0.8506148457527161,14.14844281145687,45.98778381069173,-0.0158325731754302,0.0606418326497077,-0.0319927930831909,-0.4972087740898132,0.3397817313671112,1.0080198049545288,14.14844281145687,45.98778381069173,0.0250113010406494,-0.0368077158927917,-0.0296260714530944,-0.2692395150661468,0.2798957228660583,0.9281827211380004,14.14844281145687,45.98778381069173,0.091495543718338,0.0095575079321861,0.0369195342063903,-0.0805928185582161,0.2005354017019271,0.9540303349494934,14.14844281145687,45.98778381069173,0.0596047341823577,-0.0051268488168716,0.0754677057266235,0.0393932163715362,0.2411813586950302,0.8178257942199707,14.14844281145687,45.98778381069173,0.0844225287437439,-0.0332580357789993,0.0538873076438903,0.0025940279010683,0.1629757732152938,0.7256103157997131,14.14844281145687,45.98778381069173,0.0467512607574462,-0.0554921478033065,0.0572851300239563,-0.2831858098506927,0.1841186136007309,0.6799796223640442,14.14844281145687,45.98778381069173,0.0047861337661743,-0.0157913267612457,0.0140560269355773,-0.0816494524478912,-0.0248484537005424,0.5474507212638855,14.14844281145687,45.98778381069173,0.0185323357582092,-0.0218008458614349,0.014199674129486,-0.0628711581230163,-0.1204149201512336,0.3688582479953766,14.14844281145687,45.98778381069173,0.0333116948604583,0.005048781633377,-0.0162993669509887,-0.1435110569000244,0.1270191073417663,0.1249414235353469,14.14844281145687,45.98778381069173,0.054897129535675,-0.0400741696357727,0.0353248119354248,0.0146068278700113,0.0817397683858871,0.4360291957855224,14.14844281145687,45.98778381069173,0.0635164678096771,-0.0740670263767242,0.2073082327842712,-0.7967169880867004,-0.0829674154520034,0.8374100923538208,14.14844281145687,45.98778381069173,-0.0422313213348388,0.1042743623256683,-0.0335131287574768,-0.3430818915367126,0.3406496345996856,0.7156329154968262,14.14844281145687,45.98778381069173,-0.0592981278896331,0.2087918221950531,-0.2032521367073059,-0.4590936601161957,0.128146693110466,0.3803780078887939,14.14844281145687,45.98778381069173,-0.0610072612762451,0.0919538512825965,-0.0940832495689392,-0.1755356043577194,-0.2351644039154052,0.0148505698889493,14.14844281145687,45.98778381069173,-0.0803917050361633,0.0608407109975814,-0.020900547504425,0.0505759604275226,-0.2125046253204345,-0.0510558411478996,14.14844281145687,45.98778381069173,0.0324014723300933,0.0287235230207443,-0.0552984476089477,0.0260648932307958,-0.2851282358169555,-0.1466090828180313,14.14844281145687,45.98778381069173,-0.0488183349370956,-0.0141676887869834,0.0308918952941894,0.14491967856884,-0.1039643064141273,-0.249572068452835,14.14844281145687,45.98778381069173,-0.0736014097929,-0.0466267019510269,0.1019626259803772,0.0835464224219322,0.0227209292352199,-0.2585062980651855,14.14844281145687,45.98778381069173,-0.0691131949424743,-0.0548016503453254,0.0963204503059387,-0.4506657123565674,0.2317676246166229,0.0013362925965338,14.14844281145687,45.98778381069173,-0.1744154691696167,-0.0575963407754898,0.137123703956604,-0.5849201083183289,0.2899931371212005,-0.1512915641069412,14.14844281145687,45.98778381069173,-0.1665719151496887,-0.0271465331315994,0.1133642196655273,-0.5537022352218628,0.1634319722652435,-0.3021586835384369,14.14844281145687,45.98778381069173,0.0134048759937286,-0.0568568408489227,0.0071478486061096,-1.3394067287445068,0.1580459922552108,-0.5620244741439819,14.14844281145687,45.98778381069173,0.1263360977172851,0.0208184421062469,-0.0082809329032897,-0.4213825762271881,0.0213818922638893,-0.5836260318756104,14.14844281145687,45.98778381069173,0.1791393756866455,-0.012711763381958,-0.0128104090690612,-0.1260574012994766,-0.1359544694423675,-0.2796919643878937,14.14844281145687,45.98778381069173,0.179684579372406,0.0544951856136322,-0.0302736759185791,0.3137314617633819,-0.2400656938552856,-0.2626152336597442,14.14844281145687,45.98778381069173,0.1597681641578674,-0.007607877254486,-0.004965603351593,0.2066083550453186,-0.1465048491954803,0.126644879579544,14.14844281145687,45.98778381069173,0.0905500352382659,0.1112286746501922,-0.0480038523674011,0.1767626255750656,-0.3447273671627044,0.2442702353000641,14.14844281145687,45.98778381069173,0.0244493037462234,0.013764664530754,0.0422539710998535,0.237353891134262,-0.1711454689502716,0.0808827504515647,14.14844281145687,45.98778381069173,0.0278691947460174,0.0353422462940216,-0.0728229284286499,0.5144251585006714,-0.1416230201721191,0.3828002512454986,14.14844281145687,45.98778381069173,-0.0401095151901245,-0.0600278824567794,-0.0349884033203125,0.4191617965698242,-0.399483323097229,0.0922018140554428,14.14844281145687,45.98778381069173,0.0355852544307708,0.0230323188006877,0.0157995223999023,0.7607467174530029,-0.1959853172302246,0.1379207968711853,14.14844281145687,45.98778381069173,-0.020925685763359,-0.0444381609559059,-0.0457634329795837,1.3864206075668335,0.0144382324069738,0.1450092047452926,14.14844281145687,45.98778381069173,-0.145799458026886,0.000715285539627,-0.0252500176429748,1.9127732515335083,0.3504679203033447,0.7290239930152893,14.14844281145687,45.98778381069173,0.0748836249113082,0.0190112590789794,0.0217443108558654,0.4108523428440094,0.1815324127674102,1.0065200328826904,14.14844281145687,45.98778381069173,0.0548772886395454,0.0524899065494537,0.1688781380653381,0.1180207803845405,-0.1396061927080154,0.4930208623409271,14.14844281145687,45.98778381069173,0.15483158826828,0.0342594385147094,0.1565986275672912,-0.4712038040161133,0.0976178124547004,0.4281664490699768,14.14844281145687,45.98778381069173,0.100947193801403,0.0674721002578735,-0.2746111154556274,-0.6970400214195251,-0.1866733133792877,0.128647580742836,14.14844281145687,45.98778381069173,-0.0261057242751121,-0.0001824498176574,-0.0405631065368652,-0.0180709566920995,-0.0512177422642707,-0.1135240122675895,14.14844281145687,45.98778381069173,0.0506861731410026,-0.057548701763153,0.039739191532135,-0.365508109331131,-0.0949101001024246,0.1287422180175781,14.14844281145687,45.98778381069173,-0.0100162401795387,0.0499258041381835,-0.0309261679649353,0.0142805380746722,-0.0476203449070453,-0.1639624238014221,14.14844281145687,45.98778381069173,0.0198391079902648,0.0181324779987335,-0.0300047993659973,0.0473715402185916,-0.1189467161893844,-0.0516897402703762,14.14844281145687,45.98778381069173,Hobby
2023-02-21 19:10:22.571514,0.0135457515716552,-0.1057217419147491,-0.0782931894063949,-0.1121098324656486,-1.1658741235733032,-0.6780160069465637,19.05570891040478,116.26937883207626,0.0391531586647033,-0.0239545702934265,0.1435122489929199,-0.4565359055995941,-1.0431948900222778,-0.5097135305404663,19.05570891040478,116.26937883207626,-0.1938189268112182,-0.3334214091300964,-0.05471733212471,-0.6222917437553406,-0.2127871513366699,0.0529737882316112,19.05570891040478,116.26937883207626,-0.1338253617286682,0.0869244933128357,-0.0983518809080123,-0.4600436389446258,0.1243003234267234,0.2001586705446243,19.05570891040478,116.26937883207626,-0.0445367097854614,0.1731308102607727,-0.2094837576150894,-0.2251337170600891,-0.0942914113402366,-0.4812894463539123,19.05570891040478,116.26937883207626,0.5091370344161987,-0.0465700626373291,0.2603630423545837,0.7157472372055054,-0.4666157066822052,0.5133842825889587,19.05570891040478,116.26937883207626,-0.0688728094100952,-0.233646810054779,0.1626298576593399,-1.4048914909362793,0.3483259677886963,0.1582700163125991,19.05570891040478,116.26937883207626,0.0716557502746582,0.0252370834350585,0.0018960237503051,-0.3827780783176422,-0.5212544202804565,0.2577041685581207,19.05570891040478,116.26937883207626,0.0395659208297729,0.0020210742950439,0.1370502114295959,-0.909181535243988,-0.3218103051185608,0.2161145657300949,19.05570891040478,116.26937883207626,0.0293543338775634,-0.0516108274459838,0.134448766708374,-1.396274447441101,-0.671928346157074,0.3268883824348449,19.05570891040478,116.26937883207626,-0.0160102248191833,0.076697289943695,0.0914433598518371,-1.4635182619094849,-0.8712210059165955,0.2449384927749633,19.05570891040478,116.26937883207626,-0.0029973983764648,0.1003933548927307,0.1475962400436401,-1.2526099681854248,-0.9093981981277466,0.1715216338634491,19.05570891040478,116.26937883207626,-0.0579596161842346,-0.013526439666748,0.0588176846504211,-1.0494269132614136,-0.4811363220214844,0.3012311160564422,19.05570891040478,116.26937883207626,0.0271728038787841,-0.0545137524604797,-0.0470900535583496,-0.9323132634162904,-0.4679068326950073,0.2448197603225708,19.05570891040478,116.26937883207626,-0.0368943810462951,0.0598126351833343,-0.0816366672515869,-0.9224250316619872,-0.6456584334373474,0.0663017481565475,19.05570891040478,116.26937883207626,-0.0395230054855346,0.0131665766239166,-0.0867174863815307,-0.5133724212646484,-0.4824495315551758,-0.0331544056534767,19.05570891040478,116.26937883207626,0.0024064779281616,-0.0006576478481292,-0.0725333616137504,-0.1709550619125366,-0.3417629897594452,-0.005634628701955,19.05570891040478,116.26937883207626,-0.0308362245559692,0.0094736814498901,-0.0493535846471786,0.3176391720771789,0.0542605146765708,0.0348999463021755,19.05570891040478,116.26937883207626,0.0748642086982727,-0.0152631402015686,0.0063020586967468,0.5786322951316833,0.2262708842754364,0.1861358284950256,19.05570891040478,116.26937883207626,0.0054576396942138,-0.0002147257328033,-0.0311912149190902,0.6011779308319092,0.2515578866004944,0.1556321531534195,19.05570891040478,116.26937883207626,0.0020221471786499,-0.0605291426181793,-0.0592347979545593,0.159603014588356,0.1646991372108459,0.1748422384262085,19.05570891040478,116.26937883207626,-0.0353740453720092,0.0025753676891326,-0.0307689905166625,0.3576394021511078,0.3026886880397796,0.0608531534671783,19.05570891040478,116.26937883207626,-0.0285031795501709,-0.1004731953144073,-0.0364744067192077,0.2548409700393677,0.5164249539375305,-0.0129890805110335,19.05570891040478,116.26937883207626,0.1705406308174133,0.0192737579345703,-0.0348575189709663,0.1447180807590484,0.3038293421268463,0.1119016855955123,19.05570891040478,116.26937883207626,-0.0036089420318603,-0.1200320124626159,0.0009147003293037,-0.4422390758991241,-0.179285392165184,0.3028491735458374,19.05570891040478,116.26937883207626,0.0171659588813781,0.0554001331329345,0.0711550638079643,-0.7173820734024048,-0.4907077252864837,0.1684825122356414,19.05570891040478,116.26937883207626,-0.0385468006134033,0.157262235879898,-0.0261508151888847,-0.6237775683403015,-0.302141010761261,0.0750830546021461,19.05570891040478,116.26937883207626,-0.052242636680603,0.0463356375694274,0.0885649845004081,-0.8179968595504761,-0.1686479300260543,0.0278910398483276,19.05570891040478,116.26937883207626,-0.0786754488945007,0.1262930035591125,-0.0196847915649414,-0.2936799228191376,0.0519241243600845,-0.3214854300022125,19.05570891040478,116.26937883207626,0.009397804737091,0.095708429813385,0.0009361542761325,-0.0643774345517158,-0.1072373017668724,-0.4811290800571441,19.05570891040478,116.26937883207626,0.0238251090049743,-0.1152926683425903,-0.0144879817962646,-0.7477430105209351,-0.3466512262821197,-0.3335554897785187,19.05570891040478,116.26937883207626,-0.0450519323348999,0.121693730354309,0.0229790173470973,-0.667482316493988,-0.3735392987728119,0.0215515196323394,19.05570891040478,116.26937883207626,-0.0786322355270385,0.1023552417755127,0.097246766090393,-0.6718531250953674,-0.1966510564088821,-0.0984182953834533,19.05570891040478,116.26937883207626,-0.008534550666809,0.0296378433704376,0.1701266765594482,-0.3905364871025085,-0.2660948634147644,-0.1903166323900222,19.05570891040478,116.26937883207626,0.1894901394844055,0.0887828469276428,0.0895347595214843,0.6225098967552185,0.2962872385978699,-0.0173933841288089,19.05570891040478,116.26937883207626,0.1808871030807495,-0.0991224646568298,-0.1240606233477592,0.3878347277641296,-0.6961719393730164,-0.2439890205860138,19.05570891040478,116.26937883207626,-0.0773921012878418,-0.0595871210098266,0.023081712424755,-1.4964516162872314,-0.6316922307014465,0.1085004955530166,19.05570891040478,116.26937883207626,-0.099912405014038,-0.1491027474403381,-0.0648686289787292,-1.1758986711502075,0.0064996499568223,0.2522437274456024,19.05570891040478,116.26937883207626,-0.0426698327064514,0.1437050998210907,-0.2427071332931518,0.1807906180620193,-0.1197445690631866,-0.0767588764429092,19.05570891040478,116.26937883207626,-0.2817530035972595,-0.3597344756126404,0.1089896559715271,-2.225611925125122,-0.6700807213783264,0.1186435520648956,19.05570891040478,116.26937883207626,-0.4620288610458374,-0.1464664936065673,-0.0634031295776367,-2.298313856124878,-0.8977044820785522,1.6108765602111816,19.05570891040478,116.26937883207626,0.0685418844223022,-0.0650849640369415,0.2135646343231201,0.7301327586174011,0.3877167999744415,1.881069779396057,19.05570891040478,116.26937883207626,0.2173675298690796,-0.1383944451808929,0.0335960537195205,1.3533799648284912,0.5631802082061768,0.6081287264823914,19.05570891040478,116.26937883207626,0.0616763830184936,-0.1704849302768707,0.0042104721069335,0.5999624729156494,-0.0437217094004154,-0.1757280230522155,19.05570891040478,116.26937883207626,0.1619544029235839,-0.0924098491668701,0.1364797353744506,-0.4734522104263305,-0.1608254164457321,-0.7399625182151794,19.05570891040478,116.26937883207626,0.31868577003479,0.3635591864585876,0.0231720134615898,0.3434301912784576,-0.4233603775501251,-1.490877985954285,19.05570891040478,116.26937883207626,0.1748617887496948,0.3131071031093597,-0.03475022315979,-0.6803774833679199,-1.1553754806518557,-0.0963286459445953,19.05570891040478,116.26937883207626,-0.2102165222167968,-0.1351743340492248,0.1863232851028442,-1.6349437236785889,0.0224778167903423,-0.1483835130929947,19.05570891040478,116.26937883207626,-0.0218850374221801,-0.030857503414154,0.110582947731018,-0.005952768959105,0.2949266731739044,0.2919105589389801,19.05570891040478,116.26937883207626,-0.0614790916442871,-0.0027785301208496,-0.055243607610464,0.3673015534877777,0.3926018178462982,0.7697259187698364,19.05570891040478,116.26937883207626,-0.0555971264839172,0.0063793510198593,0.1112089231610298,-0.763788640499115,0.3936271369457245,1.1007585525512695,19.05570891040478,116.26937883207626,0.0761821866035461,0.2171783298254013,0.0420560836791992,0.2891589105129242,0.2269268184900283,1.152992606163025,19.05570891040478,116.26937883207626,-0.1543249487876892,0.161938726902008,-0.2531636953353882,0.5973759293556213,-0.7748886346817017,0.3071041703224182,19.05570891040478,116.26937883207626,-0.0061178803443908,0.0741635411977768,0.1495275497436523,0.3823607861995697,0.1795832812786102,-1.2828062772750854,19.05570891040478,116.26937883207626,-0.0507018566131591,-0.2658036947250366,-0.0446164608001709,0.25515878200531,0.0967773422598838,-0.9127122163772584,19.05570891040478,116.26937883207626,0.1290872693061828,-0.5744510889053345,0.0507096052169799,-0.5588301420211792,0.0784177854657173,-1.152263641357422,19.05570891040478,116.26937883207626,0.1149994730949401,-0.10254567861557,0.0681914165616035,-0.037392608821392,0.1731320321559906,-1.0329782962799072,19.05570891040478,116.26937883207626,0.4928486943244934,-0.2137206792831421,0.4106744527816772,-1.3027448654174805,-0.1705057621002197,-0.6463315486907959,19.05570891040478,116.26937883207626,0.0669207572937011,-0.2762174606323242,-0.048124685883522,-0.9012510180473328,0.2940946817398071,-0.3501276075839996,19.05570891040478,116.26937883207626,-0.0825743079185485,0.3211443424224853,0.0508172810077667,-0.1130066514015197,0.603578507900238,-0.0136838993057608,19.05570891040478,116.26937883207626,0.0604050159454345,0.8076242804527283,-0.5421538352966309,2.8047308921813965,0.0497073084115982,-1.0603104829788208,19.05570891040478,116.26937883207626,-0.0262548923492431,0.2280145287513733,0.2791091799736023,5.339583396911621,-1.0825403928756714,-2.623810291290283,19.05570891040478,116.26937883207626,-0.0877213180065155,-0.1773168444633484,0.4472004473209381,-2.2179148197174072,-1.6066033840179443,-4.371778964996338,19.05570891040478,116.26937883207626,-0.0565846562385559,-0.3343994617462158,0.1515430212020874,-0.7880741357803345,0.4970448613166809,-3.3372838497161865,19.05570891040478,116.26937883207626,-0.0300967693328857,-0.177341341972351,0.2458236813545227,-0.3962253630161285,1.5081371068954468,-1.6003053188323977,19.05570891040478,116.26937883207626,0.2708492577075958,0.1126156449317932,-0.0654342472553253,2.586955070495605,1.3761162757873535,-0.8257601261138916,19.05570891040478,116.26937883207626,0.1004987955093383,0.5115031599998474,0.0558646321296691,5.674779415130615,1.971646189689636,-0.6885971426963806,19.05570891040478,116.26937883207626,0.1744382679462433,0.2619496583938598,-0.1634469628334045,3.4450299739837646,1.5671173334121704,0.0582931563258171,19.05570891040478,116.26937883207626,-0.0157272592186927,-0.089739590883255,0.3734456896781921,0.875898003578186,1.027127981185913,-0.7917521595954895,19.05570891040478,116.26937883207626,0.1458199918270111,-0.2724325060844421,0.0441833734512329,1.0585377216339111,1.1282893419265747,1.710045337677002,19.05570891040478,116.26937883207626,-0.0080740004777908,0.1085169464349746,-0.035950481891632,1.395319581031799,0.8490878343582153,0.8818774223327637,19.05570891040478,116.26937883207626,0.0560830533504486,0.1173007190227508,0.0208960771560668,0.5107566118240356,0.0888834744691848,0.1244861632585525,19.05570891040478,116.26937883207626,-0.0941514074802398,-0.0813166499137878,0.1353447437286377,0.9764342308044434,0.6025225520133972,0.24176786839962,19.05570891040478,116.26937883207626,0.0095174312591552,-0.1446006298065185,0.0435492992401123,0.3236237168312073,0.0466159097850322,0.3670545220375061,19.05570891040478,116.26937883207626,-0.1077999770641326,-0.0274655222892761,0.0849020481109619,0.1805560886859893,-0.216004267334938,0.4773380756378174,19.05570891040478,116.26937883207626,0.1717236042022705,-0.0710346698760986,0.0493491888046264,-2.3376665115356445,-0.817391574382782,0.515913724899292,19.05570891040478,116.26937883207626,0.2017123103141784,0.3559874594211578,-0.3842554092407226,-0.4555247128009796,-1.5534582138061523,-0.770473837852478,19.05570891040478,116.26937883207626,-0.2170873433351516,-0.1320653855800628,-0.1391917467117309,-1.3289464712142944,-1.9596713781356807,-0.5460900664329529,19.05570891040478,116.26937883207626,-0.0112643837928771,-0.1678604334592819,0.2996601462364197,-1.821907997131348,-1.5066847801208496,0.6636450886726379,19.05570891040478,116.26937883207626,0.1369248032569885,-0.0985589623451232,0.1110051870346069,-4.509401321411133,-0.851016104221344,0.4465836882591247,19.05570891040478,116.26937883207626,0.0267591178417205,0.0003142952919006,-0.1047120094299316,-0.1371073424816131,-0.9396985769271852,0.328090101480484,19.05570891040478,116.26937883207626,0.0842300653457641,0.0584985017776489,-0.1156760454177856,-0.3877767920494079,-0.9853979349136353,0.6385157704353333,19.05570891040478,116.26937883207626,0.1311579942703247,-0.0164759159088134,0.1093633770942688,0.0987376645207405,-0.5086116194725037,0.6117730140686035,19.05570891040478,116.26937883207626,-0.1039455831050872,0.1209259033203125,-0.0165635347366333,2.585333108901977,-0.1932669878005981,0.3008607029914856,19.05570891040478,116.26937883207626,-0.0660028457641601,0.0091198682785034,0.0923893451690673,4.6501240730285645,0.5949724912643433,0.9970061779022216,19.05570891040478,116.26937883207626,-0.0495750308036804,0.0455530285835266,0.111690878868103,3.757029533386232,0.4406910538673401,0.467583030462265,19.05570891040478,116.26937883207626,0.0299229323863983,-0.0587416738271713,0.041205883026123,-0.2785001099109649,-0.0152581110596656,0.088828220963478,19.05570891040478,116.26937883207626,0.0346438139677047,0.0320390611886978,-0.077139139175415,1.3820173740386963,-0.007669698446989,0.4296836256980896,19.05570891040478,116.26937883207626,0.0988684892654419,-0.1088448464870452,0.1090019345283508,-4.685017108917236,-0.3428295850753784,0.8051601052284241,19.05570891040478,116.26937883207626,0.1992748081684112,-0.2369275093078613,0.3728643655776977,-8.168020248413086,-0.3811213076114654,0.0670417323708534,19.05570891040478,116.26937883207626,0.4065363109111786,0.4098284244537353,0.2427414357662201,1.3150736093521118,4.3395161628723145,-2.216037034988404,19.05570891040478,116.26937883207626,0.0358132123947143,0.234477698802948,0.137393057346344,9.356471061706545,2.599266290664673,-2.2392473220825195,19.05570891040478,116.26937883207626,-0.1997037976980209,-1.0612049102783203,0.041252315044403,-0.6086049675941467,1.3855160474777222,-1.9440888166427608,19.05570891040478,116.26937883207626,0.0023734662681818,-0.5702480673789978,-0.3979358077049255,0.457257866859436,0.2007964253425598,-0.6495609283447266,19.05570891040478,116.26937883207626,0.3383647501468658,0.1303574740886688,-0.2839034795761108,-0.7084865570068359,-0.3406774997711181,-0.0116941193118691,19.05570891040478,116.26937883207626,0.0530367232859134,0.1205454021692276,-0.0044181942939758,0.3830136954784393,0.1911568492650985,-0.787025511264801,19.05570891040478,116.26937883207626,0.0027440786361694,-0.1646723747253418,0.2085968852043151,-0.3210118114948272,0.3409085273742676,0.1679234206676483,19.05570891040478,116.26937883207626,-0.0244233533740043,0.0625148713588714,-0.1628340482711792,-0.3071775734424591,-0.1391669958829879,0.1716559380292892,19.05570891040478,116.26937883207626,0.0911803990602493,0.0660843700170517,-0.0295212268829345,-0.2797557115554809,-0.1222391501069068,0.0017615684773772,19.05570891040478,116.26937883207626,,,,,,,,,Hobby
2023-02-22 09:41:57.644207,0.0875226855278015,0.2010368406772613,0.0822562277317047,2.41281795501709,0.5190138220787048,-1.882266998291016,12.137038785816731,95.72081508637324,0.2771260142326355,0.1474279761314392,0.1645489633083343,1.1137502193450928,0.1610482186079025,-2.8925085067749023,12.137038785816731,95.72081508637324,0.4981761574745178,0.5606472492218018,0.2999032139778137,1.7112703323364258,0.8983691334724426,-4.746800899505615,12.137038785816731,95.72081508637324,0.1780095100402832,-0.0068106651306152,0.5353207588195801,1.4536073207855225,1.4358928203582764,-4.573057174682617,12.137038785816731,95.72081508637324,0.1991406083106994,-0.2237877249717712,0.4714058637619018,1.6291909217834473,1.3194061517715454,-3.331381797790528,12.137038785816731,95.72081508637324,0.1395182609558105,-0.2320155501365661,0.2414299845695495,1.7191311120986938,0.4314517378807068,-1.3545767068862915,12.137038785816731,95.72081508637324,0.4412550330162048,-0.221396803855896,0.2300772070884704,1.729741096496582,0.3383801281452179,0.7761855125427246,12.137038785816731,95.72081508637324,0.586381196975708,-0.0576775670051574,0.0162661075592041,-0.2414890825748443,-0.1353360414505005,2.1993649005889893,12.137038785816731,95.72081508637324,0.2811467349529266,0.3245849609375,-0.0297827124595642,-1.1241943836212158,-0.6195711493492126,2.480764627456665,12.137038785816731,95.72081508637324,-0.0609823018312454,-0.087733507156372,0.0334975719451904,-1.0276904106140137,-0.6825969815254211,1.9595839977264404,12.137038785816731,95.72081508637324,0.013362243771553,0.032852828502655,-0.0210813879966735,0.0940008983016014,-0.3602932691574096,1.3778501749038696,12.137038785816731,95.72081508637324,-0.1495670974254608,-0.0344079136848449,0.046771228313446,0.1982225626707077,0.128731295466423,0.8561137318611145,12.137038785816731,95.72081508637324,0.008994311094284,-0.009015679359436,-0.1391453742980957,-0.6084120273590088,-0.0492307171225547,1.1083393096923828,12.137038785816731,95.72081508637324,-0.0038222670555114,0.0400161743164062,-0.1689963340759277,-0.4515688121318817,0.544696033000946,1.191046953201294,12.137038785816731,95.72081508637324,-0.0302352905273437,0.1290369033813476,0.0933621525764465,0.331255167722702,1.2786704301834106,0.9299939870834352,12.137038785816731,95.72081508637324,0.0011575818061828,-0.0420585572719574,0.1466216444969177,0.2212896049022674,1.445956110954285,1.2297426462173462,12.137038785816731,95.72081508637324,-0.0507217049598693,0.0936085879802703,0.10320845246315,-0.7617690563201904,1.3704732656478882,1.5247306823730469,12.137038785816731,95.72081508637324,-0.0762384533882141,0.0907084941864013,0.1257823407649994,-1.673617243766785,0.8792596459388733,1.401033878326416,12.137038785816731,95.72081508637324,0.0250412225723266,0.1105466485023498,0.037826657295227,-3.3847172260284424,-0.0057751173153519,1.565112590789795,12.137038785816731,95.72081508637324,0.0459078550338745,0.059858314692974,0.0135180056095123,-3.106587171554565,-0.8338083624839783,1.9809808731079104,12.137038785816731,95.72081508637324,0.0276238322257995,0.1714940369129181,0.1585685610771179,-0.9246146082878112,-0.1842665672302246,1.9787909984588623,12.137038785816731,95.72081508637324,-0.0356708765029907,-0.1762171387672424,0.0897662043571472,-0.0626385360956192,-0.3953753411769867,2.03512978553772,12.137038785816731,95.72081508637324,0.0046579241752624,-0.0440319776535034,-0.0826650559902191,-0.5068283081054688,-0.0836789682507515,1.047852635383606,12.137038785816731,95.72081508637324,-0.035687506198883,0.0081336796283721,-0.0203016400337219,-0.4192145764827728,0.144274041056633,0.6593241095542908,12.137038785816731,95.72081508637324,-0.0094594955444335,0.0242908298969268,-0.0387370586395263,-0.5649287700653076,0.3436404168605804,0.4869691431522369,12.137038785816731,95.72081508637324,-0.0088269114494323,0.0263185501098632,-0.0355840623378753,-0.222542256116867,0.4794792234897613,0.4689588844776153,12.137038785816731,95.72081508637324,-0.0441073775291442,-0.1242979764938354,-0.0631746351718902,-0.3566973805427551,0.4119395613670349,0.3164065182209015,12.137038785816731,95.72081508637324,0.0191835761070251,-0.0646321773529052,0.0427110493183136,-0.363646000623703,0.2961916625499725,0.1946490705013275,12.137038785816731,95.72081508637324,0.0393167734146118,0.0798366367816925,0.0031985938549041,-0.3502646684646606,0.2260775417089462,0.138737067580223,12.137038785816731,95.72081508637324,-0.0201399326324462,-0.0205066800117492,0.0006515979766845,-0.0877322182059288,0.2008758038282394,0.2203958481550216,12.137038785816731,95.72081508637324,0.0356599688529968,0.0400866866111755,-0.0083419978618621,-0.3558510839939117,0.1114053055644035,0.1960121095180511,12.137038785816731,95.72081508637324,0.0031459331512451,0.1588956117630005,0.1131682395935058,0.2141775041818618,0.2801791131496429,0.3374702632427215,12.137038785816731,95.72081508637324,0.0559399724006652,0.0028920173645019,0.0432594716548919,-0.1839311867952346,0.1006916686892509,0.1671866923570633,12.137038785816731,95.72081508637324,0.0324888825416564,0.0434600114822387,0.0204123258590698,-0.1507021933794021,0.0696543902158737,0.2815864980220794,12.137038785816731,95.72081508637324,0.1114320158958435,-0.0282679796218872,0.1356006860733032,-0.643589437007904,-0.1346611827611923,0.1656500995159149,12.137038785816731,95.72081508637324,-0.0722857117652893,0.1761846542358398,-0.2853724360466003,-0.3695391714572906,-0.3654467463493347,0.1453463733196258,12.137038785816731,95.72081508637324,-0.1373557448387146,0.1854550242424011,-0.2113532125949859,0.4567823112010956,-0.3307609260082245,0.1541077643632888,12.137038785816731,95.72081508637324,0.0809652805328369,-0.0758273005485534,0.1105021834373474,-0.5632854700088501,-0.3551413416862488,-0.1942614316940307,12.137038785816731,95.72081508637324,0.0409767627716064,0.5581336617469788,0.2601185441017151,1.618035078048706,-0.0070864576846361,-1.1592645645141602,12.137038785816731,95.72081508637324,-0.0146960616111755,0.2389173805713653,0.0691877305507659,-0.1566900461912155,0.8849508166313171,-1.9158402681350708,12.137038785816731,95.72081508637324,0.1011324524879455,0.1790489852428436,-0.0605273842811584,-0.0886942371726036,1.045091986656189,-1.833753108978272,12.137038785816731,95.72081508637324,0.1558863520622253,0.0226521715521812,-0.0336991995573043,-1.9719104766845703,1.2228866815567017,-1.6616227626800537,12.137038785816731,95.72081508637324,-0.0529232621192932,-0.0914206057786941,-0.0899164527654647,-2.390289783477783,1.4686334133148191,-1.437381625175476,12.137038785816731,95.72081508637324,0.0139314532279968,-0.4231640994548797,-0.2325485348701477,-0.837161123752594,0.8921871185302734,-0.9048118591308594,12.137038785816731,95.72081508637324,0.0199745297431945,-0.1532608270645141,0.0632925629615783,0.4404522776603699,0.0639973059296608,0.931389570236206,12.137038785816731,95.72081508637324,-0.1167066097259521,-0.0713732242584228,0.096073031425476,-1.0088248252868652,0.0915591642260551,0.3019806444644928,12.137038785816731,95.72081508637324,0.0836420059204101,0.0077513605356216,0.089401364326477,-1.2380728721618652,0.2613191604614258,0.281341016292572,12.137038785816731,95.72081508637324,-0.0506749749183654,0.0126295685768127,-0.378482460975647,-0.0351765230298042,0.0375172309577465,0.0130421593785285,12.137038785816731,95.72081508637324,-0.0317924618721008,-0.1626421362161636,0.2036187648773193,0.4762006402015686,0.0806154310703277,-0.3744861483573913,12.137038785816731,95.72081508637324,0.0672747492790222,-0.1793307214975357,0.0066266022622585,-0.3816424012184143,-0.2554443478584289,-0.7273876667022705,12.137038785816731,95.72081508637324,0.1572973132133484,-0.0355345010757446,-0.0297396183013916,-0.3216492235660553,-1.4925174713134766,-1.8113105297088623,12.137038785816731,95.72081508637324,0.3847556710243225,0.5308849215507507,-0.0113238394260406,2.986632823944092,-2.3475024700164795,-3.0875468254089355,12.137038785816731,95.72081508637324,0.2643819153308868,0.1814287304878235,-0.0777772665023803,2.674664258956909,-5.279116630554199,-1.9499322175979608,12.137038785816731,95.72081508637324,0.126167356967926,-0.5168796181678772,-0.0261594057083129,-1.8370827436447144,-4.685585021972656,-0.8170700073242188,12.137038785816731,95.72081508637324,0.2476169466972351,-0.3880934119224548,-0.01847904920578,-1.4921388626098633,-3.041990041732788,0.4735310971736908,12.137038785816731,95.72081508637324,0.021755963563919,-0.0861152410507202,0.0710812807083129,1.4684298038482666,-1.7826340198516846,0.5721548199653625,12.137038785816731,95.72081508637324,0.0600004792213439,0.0744968652725219,0.1482396125793457,0.6643475890159607,-0.4964750707149505,0.3291230499744415,12.137038785816731,95.72081508637324,0.0747804641723632,-0.0912802815437316,0.068539023399353,0.2441970109939575,-0.2385247498750686,0.7704228758811951,12.137038785816731,95.72081508637324,0.0996851623058319,-0.2081961631774902,0.0138621926307678,-1.1580959558486938,-0.7441210746765137,1.2181892395019531,12.137038785816731,95.72081508637324,0.178675502538681,0.1258711218833923,0.1025294661521911,0.1350684463977813,-0.4434603154659271,0.5740001797676086,12.137038785816731,95.72081508637324,0.013564646244049,-0.078241229057312,-0.0861964225769043,-0.4692822694778442,-0.5871461033821106,0.5034906268119812,12.137038785816731,95.72081508637324,0.0172661542892456,-0.0372806191444397,-0.0629703998565673,0.3084117174148559,-0.2767112851142883,0.0360609591007232,12.137038785816731,95.72081508637324,0.0121341347694396,0.0009669065475463,-0.0142654776573181,-0.1008025407791137,-0.215463101863861,-0.2769071459770202,12.137038785816731,95.72081508637324,-0.0619331300258636,-0.0237634778022766,0.0214066207408905,-0.1853698939085006,-0.2988986074924469,-0.3032815754413605,12.137038785816731,95.72081508637324,0.01771742105484,-0.0006909966468811,-0.0550207495689392,-0.1425753384828567,-0.3164115250110626,-0.1407850533723831,12.137038785816731,95.72081508637324,0.0402796268463134,-0.0582597851753234,-0.0487640500068664,0.0750709921121597,-0.3721821308135986,-0.0672310441732406,12.137038785816731,95.72081508637324,-0.0153380930423736,0.116810917854309,0.0806801915168762,-0.448110967874527,-0.4482263028621673,-0.0228941701352596,12.137038785816731,95.72081508637324,0.0654966235160827,0.0321515202522277,-0.0867270231246948,-0.4738474190235138,-0.5479792356491089,0.1154705360531807,12.137038785816731,95.72081508637324,0.0486910045146942,-0.0426692366600036,-0.0575306117534637,0.606026828289032,-0.3888141214847564,0.3038322031497955,12.137038785816731,95.72081508637324,0.1294241547584533,-0.063883900642395,0.063831478357315,-0.5088080167770386,-0.113349512219429,0.4240361154079437,12.137038785816731,95.72081508637324,0.3064421713352203,-0.1259255409240722,0.5007981657981873,-1.6823984384536743,1.020637035369873,0.6253084540367126,12.137038785816731,95.72081508637324,0.2154449820518493,-0.3802728652954101,0.4051942825317383,-0.984334111213684,2.411104202270508,3.151095628738404,12.137038785816731,95.72081508637324,0.0057521760463714,0.0305169820785522,0.0394752547144889,-0.3284823000431061,1.809609651565552,4.025905609130859,12.137038785816731,95.72081508637324,0.0830500721931457,0.4216602444648742,-0.2285645604133606,2.111145734786988,1.678026795387268,2.896574020385742,12.137038785816731,95.72081508637324,0.1761677265167236,0.3754811882972717,-0.3664906024932861,1.4010469913482666,0.9712337255477904,1.6709412336349487,12.137038785816731,95.72081508637324,0.2313405871391296,0.1669709086418151,-0.3325154781341553,0.783606231212616,0.7919766902923584,0.4583255648612976,12.137038785816731,95.72081508637324,-0.0788313150405883,0.0501204133033752,-0.1642840951681137,1.3873387575149536,0.6026589274406433,0.0591822229325771,12.137038785816731,95.72081508637324,-0.009554386138916,0.0073181092739105,-0.1088674962520599,0.945445716381073,0.3556797504425049,-0.0294357575476169,12.137038785816731,95.72081508637324,-0.0020866990089416,0.0052582621574401,-0.0038020610809326,1.0119737386703491,0.4304876923561096,-0.2247254252433776,12.137038785816731,95.72081508637324,-0.0491652488708496,-0.0089661180973052,0.0167187303304672,0.8516644239425659,0.4966683089733124,-0.0688699558377265,12.137038785816731,95.72081508637324,-0.1254341602325439,0.0393899083137512,-0.0206269174814224,0.8070235252380371,0.5146899223327637,-0.1301982849836349,12.137038785816731,95.72081508637324,0.5138054490089417,0.2036129832267761,0.0082314759492874,0.9288387298583984,0.1158328056335449,0.0212485566735267,12.137038785816731,95.72081508637324,-0.0692231059074401,-0.0242558419704437,-0.0336769968271255,1.1613121032714844,0.598142683506012,-0.825674831867218,12.137038785816731,95.72081508637324,0.0634725689888,-0.1466808915138244,0.1961733251810073,0.1158506497740745,0.0982841774821281,-0.4870195686817169,12.137038785816731,95.72081508637324,0.0804780721664428,-0.2003093361854553,0.1952268034219741,0.1861697435379028,0.3808000087738037,-0.1698690950870514,12.137038785816731,95.72081508637324,0.0896704792976379,-0.19077068567276,0.1367813348770141,0.3118228912353515,0.6279627084732056,0.2041797190904617,12.137038785816731,95.72081508637324,0.0843212604522705,-0.0692518949508667,0.0186778381466865,0.3239137530326843,0.4743155837059021,0.4388834238052368,12.137038785816731,95.72081508637324,0.02606201171875,0.0041115283966064,-0.0451128482818603,0.4066804945468902,0.2407094985246658,0.5233461856842041,12.137038785816731,95.72081508637324,-0.0026707053184509,0.0531194806098938,0.0124010443687438,0.4511668980121612,-0.1443337947130203,0.40780109167099,12.137038785816731,95.72081508637324,0.0312868952751159,0.0996027886867523,0.076726034283638,0.2929985523223877,-0.2662676870822906,0.3592158854007721,12.137038785816731,95.72081508637324,-0.0503133535385131,0.135637491941452,-0.0015851259231567,0.4336325228214264,-0.06450767070055,0.0309529490768909,12.137038785816731,95.72081508637324,-0.0090579986572265,-0.0256518423557281,0.0537787079811096,0.3113858103752136,-0.0455973669886589,-0.5931702256202698,12.137038785816731,95.72081508637324,-0.0098611712455749,-0.0102649927139282,-0.0133020728826522,0.5701062083244324,0.2304363548755645,-0.1240534111857414,12.137038785816731,95.72081508637324,-0.0887689590454101,0.0170437097549438,0.0654228031635284,0.573454737663269,0.1639018058776855,0.1662388443946838,12.137038785816731,95.72081508637324,-0.034275472164154,0.0936314165592193,0.0560801029205322,0.9905170202255248,0.3160775005817413,-0.0664402768015861,12.137038785816731,95.72081508637324,-0.1073120236396789,0.110157161951065,-0.0926143527030944,0.6605735421180725,0.2916272580623626,-0.2666126787662506,12.137038785816731,95.72081508637324,-0.0635774731636047,0.0969230234622955,0.0178393274545669,0.5709959268569946,0.2714461088180542,-0.4842784702777862,12.137038785816731,95.72081508637324,0.0678823590278625,0.2086144089698791,0.1471470296382904,2.052332162857056,0.9274660348892212,-0.656537652015686,12.137038785816731,95.72081508637324,-0.0439907312393188,0.135905236005783,0.2696672081947326,2.648303985595703,1.4502123594284058,-1.5664130449295044,12.137038785816731,95.72081508637324,0.1036109924316406,0.1134831309318542,0.3526695966720581,2.462563991546631,1.2178536653518677,-2.060990333557129,12.137038785816731,95.72081508637324,Hygiene
2023-02-22 16:46:47.605266,-0.0767658948898315,-0.3641558885574341,-0.0325691737234592,-0.3652179837226867,0.1889660656452179,0.2008708119392395,23.82508578196963,129.710245967918,0.0578791797161102,0.0353146195411682,0.0205025635659694,0.189598724246025,0.1913999319076538,0.3959674835205078,23.82508578196963,129.710245967918,0.0238440334796905,-0.035734474658966,-0.0653401687741279,-0.2838990986347198,-0.2685863077640533,0.2931719422340393,23.82508578196963,129.710245967918,-0.1216111183166503,0.1602455973625183,-0.0383280478417873,0.7830193042755127,-0.2993804216384887,-0.0925409942865371,23.82508578196963,129.710245967918,-0.110641986131668,0.2250410914421081,-0.102965772151947,1.9371821880340576,-0.3137282431125641,-1.2920960187911987,23.82508578196963,129.710245967918,0.1201370954513549,0.4625723361968994,0.0485666990280151,-1.6650457382202148,-0.59666508436203,-2.5866119861602783,23.82508578196963,129.710245967918,0.2174356430768966,0.2791463732719421,0.0497062280774116,-1.3540897369384766,1.548580288887024,-3.715646505355835,23.82508578196963,129.710245967918,0.3275202512741089,-0.0039111375808715,0.0771818086504936,-1.3811105489730835,2.68402361869812,-2.6104929447174072,23.82508578196963,129.710245967918,0.263251781463623,-0.1652817130088806,-0.0190558433532714,-1.586516499519348,2.661506175994873,-1.5264649391174316,23.82508578196963,129.710245967918,0.3982995748519897,0.0670592784881591,-0.1731588244438171,-0.9463822841644288,1.963608741760254,-0.7654053568840027,23.82508578196963,129.710245967918,0.3382934927940368,-0.066630482673645,-0.1348947882652282,-0.4207174777984619,0.966938018798828,-0.1771726161241531,23.82508578196963,129.710245967918,0.0611845254898071,0.0432369709014892,-0.1879300475120544,-0.2799436748027801,0.5847024321556091,0.0873290672898292,23.82508578196963,129.710245967918,-0.0541590452194213,0.0777164101600647,-0.0924060344696044,-0.3780553042888641,-0.12692292034626,0.1165045723319053,23.82508578196963,129.710245967918,0.0107821822166442,-0.2085026502609253,0.1115880012512207,-0.1321104615926742,-0.101930484175682,0.3949339389801025,23.82508578196963,129.710245967918,0.0142671465873718,-0.0505790710449218,0.0279377177357673,-0.7127071619033813,-0.1487118303775787,0.178466111421585,23.82508578196963,129.710245967918,-0.0432752966880798,-0.0456393957138061,0.0706209540367126,-0.0997630208730697,-0.0824404060840606,0.5189747214317322,23.82508578196963,129.710245967918,0.0743332505226135,-0.1093113422393798,-0.0990149974822998,4.183748245239258,-0.1759077757596969,0.7901535034179688,23.82508578196963,129.710245967918,0.3664659857749939,-0.2950524687767029,-0.0504829585552215,2.887772798538208,-1.409754514694214,2.6815218925476074,23.82508578196963,129.710245967918,0.2214597761631012,0.2781596183776855,0.3541181683540344,8.074613571166992,1.317011833190918,5.25700044631958,23.82508578196963,129.710245967918,0.1342835873365402,0.293640673160553,0.3770874738693237,0.0395328439772129,2.005779266357422,6.089450836181641,23.82508578196963,129.710245967918,0.3626545369625091,0.2504268586635589,0.1298450827598571,-6.106803894042969,2.184980630874634,3.642024040222168,23.82508578196963,129.710245967918,-0.1037383675575256,0.6322089433670044,0.0134221911430358,-3.946849584579468,0.6095367074012756,2.4680895805358887,23.82508578196963,129.710245967918,-0.123986005783081,0.4138621687889099,-0.1362265348434448,-1.7044299840927124,0.7848070859909058,1.4102219343185425,23.82508578196963,129.710245967918,-0.0706554055213928,0.2219546437263488,-0.0724895521998405,2.057394504547119,1.114607572555542,-0.004112428985536,23.82508578196963,129.710245967918,0.0212212800979614,0.0371891856193542,0.0839843899011612,1.1011160612106323,0.7161454558372498,-0.1876129508018493,23.82508578196963,129.710245967918,0.3863191604614258,0.0895050168037414,0.0261760875582695,2.368213653564453,0.3492809236049652,-0.2608159780502319,23.82508578196963,129.710245967918,-0.0084261894226074,-0.3060474395751953,0.3887281417846679,2.557471990585327,0.9140934348106384,-0.6508809328079224,23.82508578196963,129.710245967918,0.0257842540740966,-0.1624508500099182,0.2105947732925415,1.8498214483261108,0.6710988879203796,0.0148139242082834,23.82508578196963,129.710245967918,0.0856299996376037,0.0375083088874816,0.1576820611953735,1.4319926500320437,0.407131940126419,-0.349183052778244,23.82508578196963,129.710245967918,-0.0029768943786621,0.1002120077610015,0.0987108945846557,1.2637755870819092,0.2504712343215942,-0.4467271864414215,23.82508578196963,129.710245967918,0.0524031519889831,-0.0556723475456237,0.069186270236969,0.979844570159912,0.2757017612457275,-0.1934853494167328,23.82508578196963,129.710245967918,0.0205916762351989,0.1014908552169799,0.1428076028823852,0.2071112096309662,-0.0265294685959815,0.0164193790405988,23.82508578196963,129.710245967918,-0.0004782676696777,0.1669621467590332,0.1221014261245727,0.5305233597755432,-0.2041007876396179,-0.0730215534567833,23.82508578196963,129.710245967918,-0.0981493592262268,-0.0739513933658599,0.0221448242664337,-0.737499475479126,-0.3142677545547485,-0.1719608455896377,23.82508578196963,129.710245967918,0.0561984777450561,-0.0346490740776062,0.03695610165596,-1.966989517211914,-0.2835391461849212,-0.5135350227355957,23.82508578196963,129.710245967918,0.0166563391685485,-0.0181595087051391,0.0028314664959907,-4.175876617431641,-0.4502288103103637,-1.2996052503585815,23.82508578196963,129.710245967918,-0.6501951217651367,0.0983461737632751,0.1125620603561401,1.5929887294769287,0.419866144657135,0.1354191303253173,23.82508578196963,129.710245967918,-0.3241255283355713,-0.3621272444725036,0.0684132575988769,2.104257106781006,1.614731788635254,0.7727038860321045,23.82508578196963,129.710245967918,0.2309890985488891,-0.1060909628868103,-0.2260439991950988,3.045097827911377,1.8544214963912964,2.349794626235962,23.82508578196963,129.710245967918,0.79957115650177,-0.2205575406551361,0.2601275444030761,-0.0467411130666732,1.860875129699707,0.926012933254242,23.82508578196963,129.710245967918,0.441186785697937,0.0991387963294982,-0.362160325050354,-1.030624508857727,0.0810768827795982,0.425762414932251,23.82508578196963,129.710245967918,0.0985733270645141,0.0499670505523681,0.0990946292877197,-1.9633593559265137,0.6446273326873779,-0.1378756761550903,23.82508578196963,129.710245967918,0.2198743820190429,0.088123619556427,-0.402557373046875,-1.99546480178833,-0.4037121534347534,-0.3350892663002014,23.82508578196963,129.710245967918,-0.1043699383735656,0.2230495512485504,-0.1271798908710479,0.6104682683944702,-0.1503526121377945,-0.1751267611980438,23.82508578196963,129.710245967918,-0.0428760051727294,-0.1095183789730072,-0.0108684599399566,0.6348942518234253,-0.4972472190856933,-0.4310975074768066,23.82508578196963,129.710245967918,-0.0184788703918457,-0.0206520855426788,0.0895638465881347,1.0857493877410889,-0.7398092150688171,0.1103184074163436,23.82508578196963,129.710245967918,0.1861147284507751,0.1205331087112426,0.2318757772445678,0.8259813785552979,-0.310710072517395,-0.6676601767539978,23.82508578196963,129.710245967918,0.1273844242095947,0.13700532913208,0.0482305288314819,2.7524867057800293,0.1498532891273498,-2.04457426071167,23.82508578196963,129.710245967918,0.2041793465614318,-0.1278480887413025,0.1172194480895996,1.146135687828064,-0.5611095428466797,-2.109216451644897,23.82508578196963,129.710245967918,0.2259921431541443,-0.0943292379379272,0.0443333387374877,0.3599468469619751,-1.355355143547058,-0.8410475850105286,23.82508578196963,129.710245967918,0.2664833068847656,0.0860607624053955,-0.1849766969680786,-0.3416327238082886,-2.419245481491089,-0.2335530370473861,23.82508578196963,129.710245967918,-0.0061571896076202,0.655428946018219,-0.3187718391418457,3.66047477722168,-3.6048238277435294,-0.7307000756263733,23.82508578196963,129.710245967918,-0.1308745443820953,-0.5809839367866516,0.5224784016609192,-0.4556260406970978,-4.173235893249512,-1.2941299676895142,23.82508578196963,129.710245967918,-0.1736828982830047,-0.6799858212471008,0.7877395749092102,1.3392012119293213,-1.4428879022598269,0.8607740998268127,23.82508578196963,129.710245967918,0.2699694037437439,0.5762038826942444,0.0362635850906372,0.4419308006763458,0.1518927365541458,0.8737916946411133,23.82508578196963,129.710245967918,-0.0950208306312561,0.2150894999504089,-0.0650661587715148,0.259684681892395,0.2595366239547729,0.5883864760398865,23.82508578196963,129.710245967918,0.004553735256195,-0.0821084976196289,-0.1397363543510437,-0.990636706352234,-0.1753935068845749,0.302277147769928,23.82508578196963,129.710245967918,-0.0579957067966461,0.1247804164886474,-0.1974113583564758,-1.8987804651260376,-0.0502054989337921,0.2383971512317657,23.82508578196963,129.710245967918,-0.0350406318902969,0.0758569240570068,-0.003561794757843,-0.0384338572621345,0.2642440497875213,-0.2722455263137817,23.82508578196963,129.710245967918,-0.0510448515415191,0.1669216752052307,-0.173026442527771,1.5218958854675293,-0.3957746028900146,-0.6838220357894897,23.82508578196963,129.710245967918,-0.1641859412193298,-0.3135154247283935,0.378803014755249,3.581512689590454,0.3693225383758545,0.1157145723700523,23.82508578196963,129.710245967918,-0.0372815728187561,0.3147475123405456,0.327394962310791,0.660451352596283,0.7013007402420044,-2.326917886734009,23.82508578196963,129.710245967918,-0.0837172865867614,0.2250838577747345,0.2901256084442138,0.8872273564338684,1.4210368394851685,-2.7067341804504395,23.82508578196963,129.710245967918,0.1165919750928878,-0.2445758283138275,0.1064764857292175,2.053555011749268,1.0942068099975586,-1.3035767078399658,23.82508578196963,129.710245967918,0.2630515396595001,-0.0398846119642257,-0.0813552141189575,1.670073628425598,1.0295361280441284,-0.5032187104225159,23.82508578196963,129.710245967918,0.1978616863489151,-0.0905330777168273,0.0591985583305358,1.1953903436660769,0.8311131000518799,-0.1591193675994873,23.82508578196963,129.710245967918,0.0446660965681076,-0.0611773133277893,-0.013496458530426,0.009428790770471,0.5408796668052673,0.7870941758155823,23.82508578196963,129.710245967918,-0.0274507701396942,-0.0700762569904327,0.0889388918876648,-2.349210023880005,0.681529700756073,0.4176109135150909,23.82508578196963,129.710245967918,0.2558977901935577,-0.1793333888053894,-0.3049076199531555,-8.713932037353516,-1.3290681838989258,0.9622631072998048,23.82508578196963,129.710245967918,0.0068912357091903,0.1318654417991638,0.1196348071098327,-5.539669990539551,-2.124876022338867,-0.3201911747455597,23.82508578196963,129.710245967918,-5.075335502624512e-05,0.1434067487716674,0.2410618215799331,1.5798640251159668,2.111142158508301,-0.8408816456794739,23.82508578196963,129.710245967918,0.272957444190979,0.1406729221343994,0.4245613217353821,9.42540454864502,2.760653495788574,-2.675045967102051,23.82508578196963,129.710245967918,0.0412910021841526,-0.5182614922523499,0.3225248456001282,3.183877944946289,0.6050200462341309,-1.9763543605804443,23.82508578196963,129.710245967918,-0.0417696386575698,-0.2703497409820556,-0.0071834325790405,-0.0628227740526199,-0.2441587448120117,-0.6170398592948914,23.82508578196963,129.710245967918,-0.0767977014183998,-0.0431360304355621,-0.066780686378479,-0.2022725641727447,-0.2356613725423813,-0.5027905106544495,23.82508578196963,129.710245967918,0.0257615521550178,-0.0947577953338623,0.0464429855346679,0.0768201351165771,0.0117944842204451,-0.224230945110321,23.82508578196963,129.710245967918,0.0767755582928657,0.0130202770233154,0.0837091207504272,-0.527721643447876,0.1351891160011291,0.1304676830768585,23.82508578196963,129.710245967918,0.0340224765241146,0.0304418131709098,-0.0482762455940246,-0.9033699035644532,0.1520650386810302,0.1441693902015686,23.82508578196963,129.710245967918,-0.0187696907669305,0.0482224710285663,-0.059538722038269,-0.5532786846160889,0.0018193488940596,-0.0275435857474803,23.82508578196963,129.710245967918,0.1187122166156768,0.1911531835794448,-0.0082073807716369,0.4050403237342834,0.0803349241614341,0.4459092319011688,23.82508578196963,129.710245967918,0.0206064842641353,-0.0379519760608673,0.0473392009735107,0.971234917640686,-0.0345359966158866,0.9516308307647704,23.82508578196963,129.710245967918,-0.0285275653004646,-0.0198501944541931,0.0048465728759765,0.7866979837417603,0.011702605523169,0.2650986611843109,23.82508578196963,129.710245967918,0.0225115288048982,0.1507714688777923,-0.0329464077949523,1.5361788272857666,-0.1564512550830841,-0.4296344518661499,23.82508578196963,129.710245967918,0.0801165252923965,0.0836094915866851,0.1579402089118957,0.3805151879787445,0.0151673778891563,-0.2103400379419326,23.82508578196963,129.710245967918,-0.0434780418872833,-0.0779862999916076,0.0509542226791381,0.0768235176801681,0.0581784956157207,-0.2726468741893768,23.82508578196963,129.710245967918,0.079275369644165,0.1057474613189697,0.037732720375061,0.8939951062202454,0.1434846073389053,0.1367088109254837,23.82508578196963,129.710245967918,0.0098282545804977,-0.0365868806838989,0.0179899930953979,-0.7445113658905029,0.3402461409568786,-0.0923636928200721,23.82508578196963,129.710245967918,0.0028378367424011,-0.055826336145401,0.0511432290077209,-0.1304626613855362,-0.0741345360875129,-0.1079854667186737,23.82508578196963,129.710245967918,-0.0277025699615478,0.0038447082042694,-0.0077148675918579,-0.0392214618623256,0.039597887545824,-0.0765305012464523,23.82508578196963,129.710245967918,-0.0029274821281433,-0.0020919442176818,-0.0093704462051391,-0.0887404158711433,-0.1639773398637771,-0.1006001830101013,23.82508578196963,129.710245967918,0.0246491879224777,-0.005044400691986,0.0318816304206848,-0.4504848718643188,-0.3619141280651092,0.4790090918540954,23.82508578196963,129.710245967918,0.0179047882556915,0.0142987966537475,0.0304839015007019,0.2503773272037506,-0.0317455381155014,0.1645950227975845,23.82508578196963,129.710245967918,-0.0902579426765441,0.01283460855484,0.0780804753303527,-2.146207094192505,0.6934686303138733,0.7462355494499207,23.82508578196963,129.710245967918,-0.4174919128417969,-0.2402701824903488,-0.4264267683029175,-0.1022470071911811,-0.0858615040779113,-0.2245145440101623,23.82508578196963,129.710245967918,-0.0188229754567146,-0.0665510892868042,-0.0990015864372253,0.019291328266263,0.2234606593847274,-0.8706187605857849,23.82508578196963,129.710245967918,-0.0073226131498813,0.0175243318080902,0.0210774540901184,0.4974260926246643,0.5626709461212158,-0.0109547553583979,23.82508578196963,129.710245967918,0.0741046369075775,0.0688000619411468,0.0561104416847229,0.2238675504922866,0.2698649168014526,0.0682368353009224,23.82508578196963,129.710245967918,-0.0128169953823089,-0.1009782552719116,0.0293328166007995,-0.958062469959259,-0.1204237416386604,1.6547707319259644,23.82508578196963,129.710245967918,0.0444509424269199,-0.016676902770996,-0.0692760944366455,0.4560752809047699,-0.5613511204719543,1.5595659017562866,23.82508578196963,129.710245967918,,,,,,,,,Hobby
2023-02-23 18:48:37.642614,0.0027017593383789,-0.0044288635253906,-0.0023026466369628,-0.0113157844170928,-0.0008700629696249,0.0012938077561557,34.656628678873545,128.54063570359483,0.0034804344177246,-0.0032547116279602,-0.0011137723922729,-0.003597491653636,-0.0035044625401496,-0.0015275124460458,34.656628678873545,128.54063570359483,0.0004072189331054,-0.0074998438358306,0.0003445800393819,0.0049382057040929,0.0010908227413892,-0.0020360427442938,34.656628678873545,128.54063570359483,0.0017151236534118,-0.0035712718963623,-0.0006226301193237,-0.0143132526427507,0.0066291326656937,-0.0004146439023315,34.656628678873545,128.54063570359483,0.0008767247200012,-0.0071098506450653,-0.0005547981709241,-0.0036061468999832,0.0041076513007283,-0.0003462340682744,34.656628678873545,128.54063570359483,0.003870666027069,-0.0011294782161712,-0.0010620933026075,-0.0056815752759575,0.0036631696857511,0.0053108860738575,34.656628678873545,128.54063570359483,0.0027252435684204,-0.0049647986888885,-0.000877970829606,-0.0124225411564111,0.0012799073010683,-0.0026942761614918,34.656628678873545,128.54063570359483,0.002949059009552,-0.0029594004154205,-0.0018675308674573,-0.0030104243196547,0.002589916344732,-0.001985709182918,34.656628678873545,128.54063570359483,0.0026128888130187,-0.0057863891124725,-0.001120563596487,-0.0055857808329164,0.0009848289191722,0.0019213147461414,34.656628678873545,128.54063570359483,0.0035339593887329,-0.0034186542034149,0.0005597490817308,0.0026551845949143,0.0027265362441539,0.0021964525803923,34.656628678873545,128.54063570359483,0.0040894746780395,-0.0020623207092285,0.0008743405342102,0.0003351451887283,0.0025236033834517,0.0055929818190634,34.656628678873545,128.54063570359483,0.0004748106002807,-0.0059496760368347,-0.0018730722367763,-0.007655163295567,0.0044746347703039,-0.0042394422926008,34.656628678873545,128.54063570359483,0.0026215314865112,-0.0035740435123443,0.0007238406687974,-0.0051448415033519,0.0025776652619242,-0.0021194661967456,34.656628678873545,128.54063570359483,0.0035460591316223,-0.0054628252983093,-0.0003228783607482,-0.0085235675796866,0.0040463991463184,-0.0023045227862894,34.656628678873545,128.54063570359483,0.004182755947113,-0.0025149881839752,0.0016027707606554,-0.0067786909639835,0.0012681894004344,-0.0008247040677815,34.656628678873545,128.54063570359483,0.0027915835380554,-0.0025898516178131,0.0016524214297533,-0.0019819382578134,0.0010474128648638,-0.0087526347488164,34.656628678873545,128.54063570359483,0.0030772686004638,-0.008317619562149,-0.000514505431056,-0.0050806058570742,0.0035036467015743,-0.0081687029451131,34.656628678873545,128.54063570359483,0.0030205249786376,-0.0043278038501739,-0.001550018787384,-0.0024703086819499,-0.0004303753376007,-0.0033145933412015,34.656628678873545,128.54063570359483,0.0023345351219177,-0.0078999698162078,-0.0010007619857788,-0.0106641631573438,0.0014847042039036,-0.0078950971364974,34.656628678873545,128.54063570359483,0.0001952648162841,-0.0055776536464691,-0.002483008429408,-0.0039286823011934,0.0004529962316155,-0.0026554942596703,34.656628678873545,128.54063570359483,0.0047296285629272,-0.0027458369731903,-0.0006757378578186,0.00438810326159,-0.0005145305767655,-0.005466993432492,34.656628678873545,128.54063570359483,0.003547191619873,-9.83476638793945e-07,0.001281265169382,-0.0036384244449436,0.0005517983809113,-0.0009985750075429,34.656628678873545,128.54063570359483,0.0046725869178771,-0.0015123486518859,0.0006168484687805,0.0036462531425058,-0.0005022808909416,-0.001156467013061,34.656628678873545,128.54063570359483,0.0033041834831237,-0.003185749053955,-0.0011414289474487,0.0078708520159125,-1.6905367374420166e-05,-0.0074446233920753,34.656628678873545,128.54063570359483,0.0046256184577941,-0.0005912780761718,-0.0010459385812282,-0.0013140705414116,0.0037344237789511,-0.0013982490636408,34.656628678873545,128.54063570359483,0.0019794106483459,-0.0003968775272369,0.0010795015841722,0.00253531569615,-0.0012297090142965,-0.0034425579942762,34.656628678873545,128.54063570359483,0.0013598799705505,-0.0011405944824218,0.0006595849990844,0.0015933823306113,-9.946245700120926e-05,-0.0006067245267331,34.656628678873545,128.54063570359483,0.0014529228210449,-0.0073415040969848,-0.0015485268086194,0.0038584272842854,-0.0036129709333181,-0.0026964067947119,34.656628678873545,128.54063570359483,0.0036203265190124,-0.0020850002765655,0.000596284866333,-0.0055224513635039,6.006099283695221e-05,-0.0073916930705308,34.656628678873545,128.54063570359483,0.0028708577156066,-0.0026054382324218,-0.0011549554765224,-0.008992763236165,-0.0011375630274415,-0.0024019945412874,34.656628678873545,128.54063570359483,0.0030767321586608,-0.0031428635120391,0.0001149140298366,-0.0031356727704405,0.0079456809908151,-0.0044750655069947,34.656628678873545,128.54063570359483,0.0026052594184875,-0.0052403211593627,0.0002845525741577,-0.0029987329617142,0.000125041231513,-0.0018720920197665,34.656628678873545,128.54063570359483,0.003773033618927,-0.0053564608097076,-0.0019295196980237,-0.0049588726833462,0.0024955212138593,-0.0082356482744216,34.656628678873545,128.54063570359483,0.0243924856185913,-0.0030233263969421,0.0068487524986267,0.176737979054451,0.1501267850399017,-0.9961932897567748,34.656628678873545,128.54063570359483,0.0010249018669128,-0.004564344882965,0.0008118152618408,0.0017746635712683,-0.0023349206894636,-0.0020230265799909,34.656628678873545,128.54063570359483,0.0055780410766601,-0.0014890134334564,0.0001493711024522,0.0137031218037009,0.0430767722427845,0.0205931365489959,34.656628678873545,128.54063570359483,-0.0026381015777587,-0.0106255114078521,0.0030165929347276,-0.0207621231675148,-0.805040717124939,-0.3427341878414154,34.656628678873545,128.54063570359483,0.0117838978767395,-0.0549026429653167,0.0032929219305515,0.4618453085422516,0.3317202925682068,0.2261909395456314,34.656628678873545,128.54063570359483,-0.0370491743087768,-0.000291496515274,-0.0052735209465026,0.2094746083021164,-0.1308457553386688,-0.2482215464115142,34.656628678873545,128.54063570359483,0.0063082575798034,-0.0395021438598632,-0.0016892030835151,-0.0598131716251373,-0.1480769366025924,-0.1167254447937011,34.656628678873545,128.54063570359483,0.0168870687484741,-0.0066843032836914,0.0096921846270561,-0.0070576569996774,-0.1917051076889038,-0.2301314920186996,34.656628678873545,128.54063570359483,-0.0023525953292846,-0.0543766021728515,-0.0165930390357971,-0.1177470982074737,-0.0700095668435096,-0.1969507038593292,34.656628678873545,128.54063570359483,-0.0033684372901916,0.0092054009437561,-0.0270144790410995,-0.0110033955425024,-0.0015743216499686,-0.0517254695296287,34.656628678873545,128.54063570359483,-0.0024774670600891,0.0020038783550262,0.0177838206291198,-0.0354422144591808,0.04219925776124,-0.06263018399477,34.656628678873545,128.54063570359483,-0.0157303214073181,-0.0040734708309173,-0.0186119675636291,0.1585604697465896,0.1121506467461586,-0.1747519522905349,34.656628678873545,128.54063570359483,0.0318975448608398,-0.0155712962150573,0.00858835875988,0.4161199629306793,0.0748573318123817,-0.2464365661144256,34.656628678873545,128.54063570359483,0.0022507905960083,-0.0343769192695617,-0.0116131901741027,0.111597329378128,-0.0301337912678718,-0.1528350710868835,34.656628678873545,128.54063570359483,0.0067306756973266,-0.0147802233695983,0.0189338400959968,0.4278527796268463,0.0071054538711905,-0.3568020462989807,34.656628678873545,128.54063570359483,0.0138105750083923,0.0075628757476806,-0.0132376104593276,0.2156210392713546,-0.1394810527563095,-0.3029388785362243,34.656628678873545,128.54063570359483,0.008684754371643,-0.0121275186538696,-0.0102138519287109,-0.117960125207901,-0.0418226718902587,-0.1974395662546157,34.656628678873545,128.54063570359483,-0.0022894740104675,-0.0349858999252319,-0.0212888717651367,-0.2058364003896713,-0.0560506135225296,-0.1289740204811096,34.656628678873545,128.54063570359483,-0.0032835006713867,0.0273708701133728,0.0088196992874145,-0.2221828550100326,-0.0892423912882804,-0.0254525188356637,34.656628678873545,128.54063570359483,0.0135290026664733,0.0182081460952758,0.0062139630317687,0.0533391907811164,0.020389299839735,-0.1252487152814865,34.656628678873545,128.54063570359483,0.0452005863189697,0.0121967196464538,-0.0094972103834152,0.5343297719955444,0.0652372017502784,-0.2515898644924164,34.656628678873545,128.54063570359483,0.123572289943695,0.1598923206329345,-0.03409905731678,1.4396642446517944,0.0425577200949192,-0.9802514314651488,34.656628678873545,128.54063570359483,0.043822705745697,0.2415193319320678,-0.0223191082477569,1.7166911363601685,0.1051007211208343,-1.887624740600586,34.656628678873545,128.54063570359483,-0.0301642417907714,0.0438951849937438,-0.0669257640838623,1.1182990074157717,-0.0992627963423729,-2.242732286453247,34.656628678873545,128.54063570359483,-0.0103350579738616,-0.0444771647453308,0.0761754512786865,1.128772497177124,0.0169287882745265,-2.0759270191192627,34.656628678873545,128.54063570359483,0.1335198432207107,-0.0326384305953979,0.1121169924736023,1.6020668745040894,-0.3296717703342438,-1.5271685123443604,34.656628678873545,128.54063570359483,0.1601469814777374,-0.0497952699661254,0.0705742835998535,0.7266021370887756,-0.7262383103370667,-0.8656637072563171,34.656628678873545,128.54063570359483,0.1237436234951019,-0.0694233179092407,0.0521546602249145,0.3207058012485504,-0.7864411473274231,-0.351327508687973,34.656628678873545,128.54063570359483,0.078097864985466,-0.0608449578285217,-0.0070669054985046,1.3213268518447876,-0.8272845149040222,-0.0238521918654441,34.656628678873545,128.54063570359483,0.0962831079959869,-0.1461009979248047,0.1563986539840698,0.5566869378089905,-0.1414379477500915,0.4498262405395508,34.656628678873545,128.54063570359483,-0.0254866033792495,0.1041959524154663,0.035565972328186,0.4715876579284668,-0.1043973714113235,0.3585744202136993,34.656628678873545,128.54063570359483,-0.022299513220787,0.0393684804439544,0.0660538077354431,0.8356661796569824,-0.2086265683174133,0.4281381070613861,34.656628678873545,128.54063570359483,-0.0354054272174835,-0.0723556578159332,-0.0176337361335754,-0.1124688759446144,-0.0655770078301429,0.2612628638744354,34.656628678873545,128.54063570359483,0.0062433183193206,-0.0252110958099365,0.004287302494049,-0.0353202149271965,-0.1437570303678512,0.2385506629943847,34.656628678873545,128.54063570359483,0.0279938280582427,-0.0503665804862976,0.0036524534225463,-0.8068047761917114,-0.1475187391042709,0.3305325806140899,34.656628678873545,128.54063570359483,0.0039611309766769,0.0147156715393066,-0.0016900897026062,-0.4798668622970581,0.0390543304383754,0.1234182491898536,34.656628678873545,128.54063570359483,0.0188496708869934,-0.0114479660987854,-0.0088716149330139,0.1265667974948883,-0.0732445120811462,-0.0443368293344974,34.656628678873545,128.54063570359483,0.0137679129838943,0.084576666355133,0.0365545749664306,0.4391638934612274,-0.0372031554579734,-0.037084974348545,34.656628678873545,128.54063570359483,0.0142529010772705,-0.0048307180404663,-0.0095338821411132,-0.1639905422925949,-0.0764514952898025,0.0407040640711784,34.656628678873545,128.54063570359483,0.0185568034648895,-0.0762989521026611,-0.0249240398406982,-0.4457704424858093,-0.1312825083732605,0.1307280957698822,34.656628678873545,128.54063570359483,0.0329561382532119,-0.0122485160827636,-0.0004685521125793,-0.7142214775085449,-0.2399389445781707,0.1164069473743438,34.656628678873545,128.54063570359483,0.0222409963607788,-0.0062513947486877,-0.0011746883392333,-0.016820752993226,0.0901603922247886,0.0992759615182876,34.656628678873545,128.54063570359483,-0.0207152813673019,-0.0240338444709777,-0.0144358873367309,-0.3610044419765472,0.1580851227045059,0.3060209155082702,34.656628678873545,128.54063570359483,0.0260588526725769,-0.0104966163635253,-0.0012547969818115,-0.1369502246379852,0.0172587558627128,0.0591881647706031,34.656628678873545,128.54063570359483,0.017187088727951,0.0081269741058349,0.0097947120666503,0.0676978304982185,0.0226519219577312,0.0691770166158676,34.656628678873545,128.54063570359483,0.0094505995512008,-0.0012102127075195,0.0050941109657287,0.0971330553293228,0.0294437818229198,0.0782460123300552,34.656628678873545,128.54063570359483,0.0121426284313201,0.000722587108612,0.0027400255203247,0.0745262578129768,0.0113028604537248,0.0439327470958232,34.656628678873545,128.54063570359483,0.0087957456707954,-0.006613552570343,-0.0066067576408386,-0.1231694296002388,-0.0232628379017114,0.1086092442274093,34.656628678873545,128.54063570359483,0.0120672285556793,-0.0278191566467285,-0.0041766166687011,-0.0085093723610043,-0.0963639467954635,0.0573438592255115,34.656628678873545,128.54063570359483,0.0078577995300292,0.013229489326477,0.0058768987655639,0.4111774265766144,-0.025903096422553,-0.0189160890877246,34.656628678873545,128.54063570359483,0.011186808347702,-0.0239006280899047,-0.0027230381965637,0.1834510564804077,-0.0731483697891235,-0.0059604104608297,34.656628678873545,128.54063570359483,-0.0072751194238662,-0.0100942254066467,0.0044385194778442,1.4203990697860718,0.0891087055206298,-0.3030744791030884,34.656628678873545,128.54063570359483,0.0103615373373031,0.0193118453025817,0.0291868448257446,0.9192448258399964,0.0526614859700202,-0.2882715761661529,34.656628678873545,128.54063570359483,0.0079555064439773,0.0255168080329895,0.0036460161209106,1.158061146736145,0.0508505403995513,-0.6638702154159546,34.656628678873545,128.54063570359483,0.0142647475004196,-0.0207068920135498,-0.0089901089668273,0.3612008988857269,-0.0304650906473398,-0.5868638157844543,34.656628678873545,128.54063570359483,-0.0166708081960678,0.0547098368406295,-0.0640096068382263,0.954628586769104,0.6657456159591675,-0.5952981114387512,34.656628678873545,128.54063570359483,-0.0375379845499992,0.0866230130195617,-0.0537760853767395,0.2446290552616119,0.3990990817546844,-1.0607937574386597,34.656628678873545,128.54063570359483,-0.1487860679626464,-0.0051369220018386,-0.0115628242492675,0.7439215779304504,0.652761697769165,-1.4423024654388428,34.656628678873545,128.54063570359483,0.0334419608116149,0.001007679849863,-0.0424577593803405,0.8374655842781067,0.1844639927148819,-0.973962426185608,34.656628678873545,128.54063570359483,0.0830878689885139,-0.0154316499829292,0.0708392262458801,0.1253589987754821,-0.2984195649623871,-0.5507369637489319,34.656628678873545,128.54063570359483,0.0559610091149807,-0.0263330489397048,0.0283169150352478,0.0976298749446868,-0.0541374012827873,-0.5091755390167236,34.656628678873545,128.54063570359483,-0.0211020447313785,0.0175527557730674,0.0260557532310485,0.1440236568450927,0.125298410654068,-0.5100069642066956,34.656628678873545,128.54063570359483,0.0218423977494239,-0.043858952820301,-0.0055081248283386,-0.2412541657686233,-0.1577450186014175,-0.3376122713088989,34.656628678873545,128.54063570359483,0.0290444567799568,0.0215495824813842,-0.1072613596916198,-0.7952739000320435,-0.4281943440437317,-0.0920050144195556,34.656628678873545,128.54063570359483,0.0653357803821563,0.099658615887165,0.1442360281944275,0.046343944966793,0.1783152818679809,-0.0440471097826957,34.656628678873545,128.54063570359483,0.0696009248495101,-0.1519550681114196,0.0620119571685791,0.2514103949069977,0.2151590585708618,-0.0703571438789367,34.656628678873545,128.54063570359483,0.0173206701874732,-0.0952440500259399,-0.0221771597862243,-0.2666016519069671,-0.0909798368811607,-0.0161745995283126,34.656628678873545,128.54063570359483,CognitiveActivity
2023-02-24 12:10:52.577968,0.1688896417617797,-0.0550357103347778,-0.1509854793548584,0.378612607717514,-0.3885532915592193,0.0991554781794548,9547.396683884494,262.7150369304177,-0.0807328224182128,0.0416787266731262,0.0119487941265106,0.3310326039791107,-0.1014994159340858,-0.0141505459323525,9547.396683884494,262.7150369304177,-0.0620555281639099,0.0418029427528381,0.1261201202869415,0.3051855862140655,0.3063586354255676,-0.0333236083388328,9547.396683884494,262.7150369304177,0.0074114203453063,-0.0201252102851867,0.0961550176143646,0.8034160137176514,0.1712852418422699,-0.0935538932681083,9547.396683884494,262.7150369304177,0.0702734589576721,-0.0395669341087341,-0.0877280384302139,0.1154737621545791,-0.0102744325995445,0.027522100135684,9547.396683884494,262.7150369304177,-0.0229621529579162,0.0337960124015808,0.0917694270610809,-0.3165321350097656,0.1460137069225311,-0.2426254898309707,9547.396683884494,262.7150369304177,0.0043531656265258,-0.0678722262382507,0.0133566558361053,-0.3899714946746826,-0.0198639445006847,0.0813112258911132,9547.396683884494,262.7150369304177,0.0296013355255126,0.0277599096298217,-0.0113596022129058,-0.0842608138918876,-0.1377615481615066,0.0165952816605567,9547.396683884494,262.7150369304177,0.0159074068069458,0.0300598740577697,0.0085366368293762,-0.0179698355495929,-0.1362036019563675,0.0240877531468868,9547.396683884494,262.7150369304177,0.0064929127693176,-0.0320871472358703,0.0024622380733489,-0.0664334520697593,-0.1748950630426406,0.1042244657874107,9547.396683884494,262.7150369304177,-0.0213323235511779,-0.0492209196090698,2.804398536682129e-05,-0.3296322822570801,-0.0887058600783348,0.1862466633319854,9547.396683884494,262.7150369304177,-0.0119691491127014,-0.0139881968498229,-0.0677134692668914,-0.0242095682770013,0.0449201129376888,0.3073426485061645,9547.396683884494,262.7150369304177,-0.0001481175422668,0.0028578639030456,-0.0126002132892608,0.1639847606420517,0.0095575945451855,0.1881736665964126,9547.396683884494,262.7150369304177,-2.443790435791016e-05,0.0260316133499145,-0.0190937221050262,-0.1024709492921829,-0.0104789650067687,0.1379781365394592,9547.396683884494,262.7150369304177,-0.0491423606872558,0.0196642875671386,0.0479849576950073,0.782184898853302,0.0954109877347946,0.1444789469242096,9547.396683884494,262.7150369304177,-0.119437575340271,0.1516313552856445,0.0337772667407989,0.5083479285240173,0.2626945078372955,0.011598726734519,9547.396683884494,262.7150369304177,0.0404495000839233,-0.0329343676567077,-0.0168938636779785,0.0786465108394622,0.0061412914656102,0.1182894185185432,9547.396683884494,262.7150369304177,-0.0706371665000915,-0.0617454648017883,-0.02368825674057,-0.111098013818264,0.1633040010929107,0.119590975344181,9547.396683884494,262.7150369304177,0.0137298107147216,0.0274972915649414,0.024095743894577,0.7401713132858276,0.203029602766037,0.0789764374494552,9547.396683884494,262.7150369304177,0.059095948934555,0.062966763973236,0.0690784305334091,2.122143268585205,0.5056552290916443,0.1471191346645355,9547.396683884494,262.7150369304177,0.0470299124717712,-0.0248048901557922,0.0818989351391792,1.6255011558532717,0.7169603109359741,-0.0605194754898548,9547.396683884494,262.7150369304177,0.0182408690452575,0.0778971314430236,-0.0723267197608947,1.8575321435928345,0.1513887643814087,-0.0133476695045828,9547.396683884494,262.7150369304177,-0.0680893659591674,-0.0695435404777526,0.1575886309146881,1.0962326526641846,0.150395929813385,0.0369700938463211,9547.396683884494,262.7150369304177,-0.0178828537464141,-0.0027758479118347,-0.0538608729839324,0.3167257606983185,0.082620084285736,-0.0250758305191993,9547.396683884494,262.7150369304177,0.0362803637981414,-0.0056285262107849,-0.0332315266132354,-0.161994382739067,0.2056615948677063,0.1619721204042434,9547.396683884494,262.7150369304177,0.0726697146892547,0.0117701292037963,0.0082826018333435,0.1837053298950195,0.0556316114962101,0.1389897763729095,9547.396683884494,262.7150369304177,0.1148041188716888,-0.0963212847709655,-0.0461529493331909,-0.6354255080223083,-0.4492680430412292,0.3504290580749511,9547.396683884494,262.7150369304177,0.0689773559570312,-0.1213747262954711,0.0342444777488708,-1.213018536567688,-0.5065729022026062,1.153955340385437,9547.396683884494,262.7150369304177,0.0749408602714538,-0.1543301343917846,-0.0737616270780563,-0.8217085003852844,-0.6517130732536316,1.7797179222106934,9547.396683884494,262.7150369304177,0.1940734982490539,0.0337453484535217,-0.0483714267611503,-0.3997631072998047,-0.8293194770812988,2.4907419681549072,9547.396683884494,262.7150369304177,0.0438528358936309,0.2710344791412353,0.0893628597259521,0.971779465675354,-0.6764090061187744,2.404744863510132,9547.396683884494,262.7150369304177,-0.2781809568405151,0.3825087547302246,-0.0555536597967147,-0.2163263857364654,-0.3974650204181671,1.127897024154663,9547.396683884494,262.7150369304177,-0.342534601688385,0.1942371129989624,-0.1674757003784179,3.0636420249938965,-0.1228731498122215,-1.0232537984848022,9547.396683884494,262.7150369304177,-0.164971113204956,0.2233616113662719,0.0540815591812133,3.125699281692505,-0.1848880499601364,-2.488657236099243,9547.396683884494,262.7150369304177,0.0525218248367309,0.0740138888359069,0.2773959040641784,2.3873209953308105,-0.1452455669641494,-2.77454137802124,9547.396683884494,262.7150369304177,0.0953545868396759,-0.3665910959243774,0.3802598714828491,-3.605433225631714,0.8737909197807312,-1.108359694480896,9547.396683884494,262.7150369304177,0.0239681601524353,0.3005996942520141,-0.2307425141334533,-1.3325248956680298,2.3427250385284424,-0.1993387788534164,9547.396683884494,262.7150369304177,-0.0604572892189025,0.0659000277519226,0.229924738407135,0.7749330401420593,2.8353166580200195,0.489199697971344,9547.396683884494,262.7150369304177,-0.0216390211135149,-0.0797217488288879,0.3064038753509521,1.3842833042144775,0.4858237206935882,-0.2578307092189789,9547.396683884494,262.7150369304177,0.1356483697891235,-0.1301417350769043,0.0080968737602233,2.663048267364502,0.5422250032424927,1.1828248500823977,9547.396683884494,262.7150369304177,0.2363996654748916,-0.0139978229999542,-0.1385020017623901,1.4107239246368408,0.4292480647563934,0.6833948493003845,9547.396683884494,262.7150369304177,-0.0675635486841201,0.1977767348289489,-0.1819889545440673,1.3445773124694824,-0.2698996365070343,-0.7461199760437012,9547.396683884494,262.7150369304177,-0.059717908501625,-0.4060932695865631,-0.2001843452453613,0.2363065481185913,-0.2077108174562454,-0.7397335767745972,9547.396683884494,262.7150369304177,-0.0389491766691207,-0.0748317688703537,-0.0754609107971191,1.8344842195510864,0.1142046451568603,0.572319507598877,9547.396683884494,262.7150369304177,0.004712738096714,-0.2038311660289764,0.0325607657432556,-0.619825541973114,-0.8713926672935486,1.4021110534667969,9547.396683884494,262.7150369304177,-0.0310684069991111,-0.0449198484420776,-0.0376409888267517,0.8280572295188904,-0.6117419004440308,0.6969304084777832,9547.396683884494,262.7150369304177,0.2215860188007354,-0.2928788661956787,-0.2428202629089355,2.236243724822998,-1.06521475315094,-1.6066657304763794,9547.396683884494,262.7150369304177,0.1147139072418212,0.176655888557434,0.1172979474067688,1.6791458129882812,-0.8872435092926025,-0.45146444439888,9547.396683884494,262.7150369304177,0.0591422617435455,0.1714591383934021,0.1664315462112426,2.1004812717437744,0.919772207736969,2.4977917671203613,9547.396683884494,262.7150369304177,-0.3547381460666656,0.3237263560295105,0.0658393502235412,1.1513657569885254,0.2522439956665039,0.2623871862888336,9547.396683884494,262.7150369304177,-0.0116912424564361,0.2431712746620178,0.0061976313591003,0.1444944441318512,-0.1991828233003616,0.082783356308937,9547.396683884494,262.7150369304177,-0.0376737713813781,-0.0878128409385681,0.0708915591239929,-2.0603625774383545,-0.2021882086992263,-0.1941860318183899,9547.396683884494,262.7150369304177,-0.0488113723695278,-0.1038782000541687,0.0064435005187988,0.0101551972329616,0.3499175608158111,-0.2560828328132629,9547.396683884494,262.7150369304177,0.1322472095489502,0.1362799406051635,-0.0040618777275085,0.6269748210906982,0.4646755754947662,0.2302335053682327,9547.396683884494,262.7150369304177,0.0105946660041809,-0.018824815750122,-0.0184608101844787,0.471990168094635,-0.1619481146335601,0.0332099124789238,9547.396683884494,262.7150369304177,-0.0093072354793548,-0.0235936641693115,0.046701431274414,0.2815408706665039,-0.2517219185829162,0.3472851812839508,9547.396683884494,262.7150369304177,-0.0314098894596099,0.0024662017822265,-0.0042665600776672,-0.406297892332077,-0.2144906818866729,0.0437118224799633,9547.396683884494,262.7150369304177,-0.0213795900344848,-0.0090649724006652,-0.0027832984924316,-0.0607876852154731,-0.0282691456377506,0.0008088960312306,9547.396683884494,262.7150369304177,0.0002878308296203,-0.0109984874725341,-0.0011637210845947,-0.1948849856853485,0.0961814373731613,0.0376485362648963,9547.396683884494,262.7150369304177,-0.0152814388275146,-0.0357753634452819,0.0113593339920043,-0.4003702402114868,0.0396028459072113,-0.0592926554381847,9547.396683884494,262.7150369304177,-0.0044955909252166,-0.0766794681549072,0.0105969905853271,-0.4517721831798553,0.1451630890369415,-0.1274965405464172,9547.396683884494,262.7150369304177,-0.0256719291210174,-0.0531569719314575,-0.0112693905830383,-0.006965466775,0.0298591367900371,0.0171503201127052,9547.396683884494,262.7150369304177,-0.0069958232343196,0.0004257559776306,0.0020931363105773,-0.0783868953585624,0.0519697666168212,-0.0087637361139059,9547.396683884494,262.7150369304177,-0.0124898217618465,-0.0034556984901428,0.0104248523712158,-0.0491751581430435,0.0800091251730918,-0.0651458576321601,9547.396683884494,262.7150369304177,0.0020661652088165,-0.0037425756454467,0.0012616515159606,-0.034913957118988,0.0855162739753723,-0.0319630317389965,9547.396683884494,262.7150369304177,0.0047559440135955,0.0018504858016967,-0.0017889738082885,-0.0107899252325296,0.0301685966551303,-0.0261186584830284,9547.396683884494,262.7150369304177,0.0014653205871582,0.010627269744873,-0.0043531060218811,0.0245603136718273,0.0357785448431968,-0.0145397335290908,9547.396683884494,262.7150369304177,0.0003633797168731,0.0086807012557983,-0.0043279528617858,0.0148994047194719,0.0681008026003837,-0.023550372570753,9547.396683884494,262.7150369304177,0.0039913058280944,0.0177454352378845,-0.0039724707603454,0.0117173269391059,0.0286958701908588,0.0188906621187925,9547.396683884494,262.7150369304177,-0.0003318488597869,0.0114582180976867,-7.092952728271484e-05,0.0258270744234323,0.0897259339690208,-0.0229075867682695,9547.396683884494,262.7150369304177,0.0072286427021026,-0.0185266137123107,0.0074526667594909,0.0180051308125257,0.0355479158461093,0.0020418062340468,9547.396683884494,262.7150369304177,0.0048819202929735,0.0106233954429626,-0.004757821559906,0.0651472061872482,-0.0098962634801864,-0.0199358966201543,9547.396683884494,262.7150369304177,0.0060954391956329,-0.0015392303466796,0.0028497576713562,-0.0111682275310158,0.0121848033741116,0.0161439422518014,9547.396683884494,262.7150369304177,3.758072853088379e-05,0.000162661075592,0.0004314184188842,-0.033909011632204,0.0378214567899704,0.0136414375156164,9547.396683884494,262.7150369304177,0.0049005448818206,0.0055240988731384,0.0025078058242797,0.0610442124307155,0.0188229978084564,-0.0329075902700424,9547.396683884494,262.7150369304177,0.0026411423459649,0.0027047991752624,0.0011729598045349,0.0458401963114738,-0.0055395988747477,-0.0436642616987228,9547.396683884494,262.7150369304177,-0.0084286928176879,0.0025802850723266,0.0055931806564331,0.0168397836387157,0.0476969927549362,0.0028415536507964,9547.396683884494,262.7150369304177,0.0010972619056701,-0.0022863149642944,0.0038870573043823,-0.0634572356939315,0.0034885169006884,-0.0102109983563423,9547.396683884494,262.7150369304177,-0.0011502504348754,-0.0287388563156127,0.0054460763931274,-0.1922269165515899,0.0336754471063613,0.0283880922943353,9547.396683884494,262.7150369304177,0.0053988099098205,-0.0597836375236511,-0.0300973057746887,-0.1294533610343933,0.103966124355793,0.0272133387625217,9547.396683884494,262.7150369304177,0.0075039565563201,-0.0019090771675109,0.0097646713256835,-0.0348882600665092,-0.028604969382286,0.0109242806211113,9547.396683884494,262.7150369304177,0.0062499046325683,-0.0001934766769409,-0.00389164686203,0.0174381155520677,0.0017116554081439,-0.0077275009825825,9547.396683884494,262.7150369304177,0.0025855004787445,0.0044208765029907,0.0001169443130493,0.0304143689572811,0.0327891483902931,-0.0112597169354557,9547.396683884494,262.7150369304177,0.004117339849472,0.0020421147346496,0.0086203813552856,-0.0528988689184188,-0.0053531778976321,0.0236411076039075,9547.396683884494,262.7150369304177,0.0033181011676788,-0.0143197774887084,0.0027613043785095,-0.0299489721655845,0.0084672970697283,0.0368916019797325,9547.396683884494,262.7150369304177,0.002391755580902,-0.0033449530601501,0.006186306476593,-0.0704463049769401,0.0553224198520183,0.0536475740373134,9547.396683884494,262.7150369304177,-0.0002385675907135,0.0243991613388061,-0.0041939616203308,0.0252405405044555,-0.002888155169785,0.0183659512549638,9547.396683884494,262.7150369304177,-0.0006033480167388,-0.0076091289520263,0.0027487277984619,-0.0181584134697914,0.0075279995799064,-0.0159219466149806,9547.396683884494,262.7150369304177,-0.0074744820594787,-0.0068675279617309,0.0007688999176025,0.011024959385395,0.0334461480379104,-0.0186354760080575,9547.396683884494,262.7150369304177,-0.0027031898498535,-0.0062594413757324,0.0032182335853576,-0.0250481702387332,0.0144223915413022,-0.0008483889978379,9547.396683884494,262.7150369304177,0.0041335523128509,0.0051596164703369,0.0016646385192871,0.0144154299050569,0.0001739459112286,-0.0200355667620897,9547.396683884494,262.7150369304177,0.0089311599731445,0.000892698764801,0.0028797388076782,0.0312993638217449,-0.0113269137218594,-0.0210961364209651,9547.396683884494,262.7150369304177,0.0086107552051544,-0.0087403059005737,-0.0011166334152221,0.0209152474999427,-0.004467942751944,0.0127884931862354,9547.396683884494,262.7150369304177,-0.0070891380310058,-0.0031650066375732,0.003456711769104,-0.0359012708067894,0.0081035085022449,0.0668273642659187,9547.396683884494,262.7150369304177,0.006632924079895,0.0133013129234313,0.0002651214599609,0.0242912024259567,-0.0232347063720226,-0.0062735145911574,9547.396683884494,262.7150369304177,0.0008684396743774,0.0033766031265258,0.0036072731018066,-0.0140918456017971,0.0044485866092145,-0.0037896840367466,9547.396683884494,262.7150369304177,-0.0036831200122833,0.0003906488418579,0.0001640319824218,-0.0239349957555532,0.0072915107011795,0.0064379866234958,9547.396683884494,262.7150369304177,0.0037939846515655,-0.0011778473854064,0.0041671991348266,-0.0297632701694965,-0.0052011115476489,-0.0096731400117278,9547.396683884494,262.7150369304177,0.0025970935821533,0.000784158706665,0.0031181573867797,0.0295630637556314,0.0056435465812683,0.0009293041657656,9547.396683884494,262.7150369304177,,,,,,,,,Errands
2023-02-24 15:58:02.578544,-0.0103210061788558,-0.1048895791172981,0.0013704895973205,0.14115771651268,0.0364158302545547,-0.1345973312854766,22.31613296518617,74.3536931154672,0.0070883110165596,-0.0244165211915969,-0.0495394468307495,0.5427855253219604,-0.0827134922146797,-0.0001027712132781,22.31613296518617,74.3536931154672,-0.0709103792905807,-0.1517591923475265,0.0159889459609985,1.092578411102295,0.0483329407870769,0.0746482014656066,22.31613296518617,74.3536931154672,-0.1691048741340637,0.2329002469778061,0.2115492224693298,1.4513099193572998,0.3786157965660095,-0.1187254264950752,22.31613296518617,74.3536931154672,0.1037899702787399,0.065631628036499,-0.0100672245025634,-0.8315761685371399,-0.2657797038555145,-0.042920209467411,22.31613296518617,74.3536931154672,-0.0166962258517742,0.2796889245510101,-0.2633552551269531,-0.376461923122406,0.1663983315229416,0.0501489154994487,22.31613296518617,74.3536931154672,0.0406095460057258,-0.0860341936349868,0.049720823764801,0.5317828059196472,0.026257999241352,0.1281706392765045,22.31613296518617,74.3536931154672,-0.0054943785071372,-0.1125962436199188,-0.0065383315086364,-0.3914720416069031,-0.1205807104706764,0.1366115361452102,22.31613296518617,74.3536931154672,0.0334314741194248,0.0627645105123519,0.0100883245468139,-0.1478716731071472,-0.0303845070302486,-0.0149031225591897,22.31613296518617,74.3536931154672,-0.0362129546701908,-0.0247199237346649,-0.015512466430664,-0.1241591200232505,-0.0209188349545002,-0.0076309284195303,22.31613296518617,74.3536931154672,0.0138901658356189,-0.0072287768125534,0.0300794839859008,-0.1063770949840545,-0.0041161514818668,-0.0452530048787593,22.31613296518617,74.3536931154672,-0.0809524655342102,-0.0073113441467285,-0.0198989510536193,-0.2084015905857086,-0.011420402675867,-0.0364628098905086,22.31613296518617,74.3536931154672,0.0349410697817802,0.0870765894651413,0.0071847438812255,0.0260123778134584,-0.0244781486690044,-0.0461880415678024,22.31613296518617,74.3536931154672,-0.0274605304002761,-0.0495500415563583,-8.20159912109375e-05,-0.1679390668869018,-0.0243156962096691,-0.0247888434678316,22.31613296518617,74.3536931154672,0.0156998597085475,0.0161129161715507,0.0022888779640197,0.0053932522423565,-0.0251868143677711,-0.0202173944562673,22.31613296518617,74.3536931154672,-0.0085094114765524,0.0184367001056671,0.0014358758926391,-0.0565268956124782,-0.0052629085257649,-0.0103718861937522,22.31613296518617,74.3536931154672,-0.0007877256721258,0.0045481026172637,-0.0009340643882751,-0.0349107347428798,-0.0134944729506969,0.0164266042411327,22.31613296518617,74.3536931154672,0.0073905196040868,0.0025852359831333,0.0016902089118957,0.0180070754140615,0.003418730571866,-0.0115951765328645,22.31613296518617,74.3536931154672,0.009370032697916,0.0033325366675853,-0.0039321780204772,-0.0140536557883024,-0.0051284190267324,0.0028816338162869,22.31613296518617,74.3536931154672,0.0085686780512332,0.0205308720469474,-0.002759039402008,0.0296454355120658,0.0009449194185435,0.0121994679793715,22.31613296518617,74.3536931154672,-0.0035228487104177,-0.0144877396523952,0.0094813704490661,-0.0045085404999554,-0.0044615641236305,0.0254478957504034,22.31613296518617,74.3536931154672,0.0053507005795836,-0.0008088909089565,0.0042236447334289,-0.0479349493980407,-0.0100355604663491,0.0267428569495677,22.31613296518617,74.3536931154672,0.0042311558499932,-0.0107933059334754,-0.0047406554222106,0.001221330370754,0.0155616793781518,0.0069181872531771,22.31613296518617,74.3536931154672,0.0038786325603723,-0.0189445838332176,0.0125789046287536,-0.0583325698971748,-0.0399961248040199,0.0009534051641821,22.31613296518617,74.3536931154672,-0.0058776289224624,0.0119406282901763,0.0081779956817626,-0.0225351303815841,0.0005715442821383,0.0127907898277044,22.31613296518617,74.3536931154672,0.0101918615400791,-0.007146630436182,0.0041919350624084,-0.0475241839885711,-0.0018926784396171,0.014509561471641,22.31613296518617,74.3536931154672,0.0018914928659796,-0.0084601528942585,-0.0005064606666564,-0.0039410479366779,-0.0157099589705467,0.0139187052845954,22.31613296518617,74.3536931154672,-0.0071360957808792,0.0149670466780662,-0.0051137208938598,-0.0614802688360214,-0.0061028702184557,-0.0117641212418675,22.31613296518617,74.3536931154672,0.0278812423348426,0.0538490153849124,0.0039942860603332,0.0825338214635849,0.0174858123064041,-0.0101926233619451,22.31613296518617,74.3536931154672,-0.0021174028515815,0.0091807395219802,0.0055211186408996,0.02574891038239,0.0036182007752358,-0.00272828200832,22.31613296518617,74.3536931154672,0.0107386633753776,-0.0145789012312889,-0.00408136844635,-0.0522178225219249,-0.0061342949047684,0.0054402658715844,22.31613296518617,74.3536931154672,-0.0020634061656892,0.0108412876725196,0.0047509670257568,-0.0551503039896488,-0.0059049976989626,-0.0168669372797012,22.31613296518617,74.3536931154672,-0.0318749099969863,0.0289466809481382,0.0089073777198791,0.0432463027536869,0.0056592477485537,0.04625004529953,22.31613296518617,74.3536931154672,0.0006142798811197,0.0067623574286699,-0.0004829764366149,-0.0050107860006392,0.0371066518127918,0.0296930745244026,22.31613296518617,74.3536931154672,0.0043650190345942,-0.0001357812434434,0.0051148533821105,0.0032342539634555,-0.0155360512435436,0.0047747418284416,22.31613296518617,74.3536931154672,0.0056200353428721,0.0011778250336647,0.002590537071228,0.0320730097591877,0.016775282099843,-0.003181951586157,22.31613296518617,74.3536931154672,-0.0035502975806593,-0.0180060677230358,0.0042511820793151,-0.0613249242305755,0.014084156602621,0.0454603172838687,22.31613296518617,74.3536931154672,-0.003661882597953,0.0257697328925132,-0.002969741821289,0.0284441355615854,-0.0231188721954822,0.0051542753353714,22.31613296518617,74.3536931154672,-0.0034882808104157,0.0072954893112182,0.0080658197402954,0.1049981638789177,-1.967698335647583e-05,-0.0737644806504249,22.31613296518617,74.3536931154672,-0.0002010809257626,0.0239679310470819,-0.0016061067581176,0.112643115222454,0.0085644898936152,-0.0223294794559478,22.31613296518617,74.3536931154672,0.0060463408008217,-0.0149204768240451,-0.009091317653656,-0.0289712715893983,-0.0041180159896612,0.0031252794433385,22.31613296518617,74.3536931154672,-0.0001796050928533,0.0064539145678281,0.003560721874237,-0.0572030693292617,-0.0176569931209087,0.0167472157627344,22.31613296518617,74.3536931154672,-0.0084134805947542,0.0107372384518384,0.0080840587615966,-0.0123841203749179,-0.0092398058623075,0.0023070569150149,22.31613296518617,74.3536931154672,0.0013121524825692,0.0097105205059051,-0.003048300743103,-0.015028559602797,-0.0051406696438789,0.0098130097612738,22.31613296518617,74.3536931154672,0.0040497425943613,0.006062813103199,-0.002273142337799,0.0324391946196556,-0.0089463274925947,-0.0023133615031838,22.31613296518617,74.3536931154672,-0.0071918107569217,-0.0120855793356895,0.0081689953804016,-0.0341542363166809,0.0041801277548074,0.0116863772273063,22.31613296518617,74.3536931154672,-0.0152606265619397,-0.0002453094348311,0.0052596926689147,-0.0773340612649917,-0.0371396169066429,0.0235015917569398,22.31613296518617,74.3536931154672,0.0011259706225246,-0.0114744435995817,0.0031977891921997,-0.0456557124853134,-0.0175267644226551,-0.0153200402855873,22.31613296518617,74.3536931154672,-0.0048274016007781,0.0149969113990664,0.0025956630706787,0.0191255751997232,0.0028892941772937,-0.0354579985141754,22.31613296518617,74.3536931154672,-0.0097841937094926,-0.0020144609734416,0.006657600402832,-0.0686583891510963,-0.0152303213253617,0.0292363744229078,22.31613296518617,74.3536931154672,0.0019464152865111,-0.0037654228508472,0.0196110010147094,0.0022619073279201,0.0051758838817477,0.0004568588919937,22.31613296518617,74.3536931154672,-0.0033879084512591,0.0046324431896209,0.004238486289978,-0.0660121738910675,-0.005134011618793,0.0033537787385284,22.31613296518617,74.3536931154672,0.0107076857239007,0.0106213754042983,0.0079070925712585,-0.0289363581687212,-0.0004716152325272,0.0221687778830528,22.31613296518617,74.3536931154672,-0.0001605473225936,0.0218056216835975,0.0035938024520874,-0.1153955906629562,-0.0074070198461413,0.0426643677055835,22.31613296518617,74.3536931154672,0.0023174402303993,0.0004091477021574,0.0076056718826293,-0.0465360172092914,0.0001427754759788,0.0096085118129849,22.31613296518617,74.3536931154672,-0.0039933389052748,-0.0126539906486868,0.0088429450988769,-0.0529567375779151,-0.0038764672353863,0.0106983445584774,22.31613296518617,74.3536931154672,0.0216882843524217,0.0036309100687503,0.0104559659957885,-0.0387681387364864,-0.0307107456028461,0.0202882215380668,22.31613296518617,74.3536931154672,-0.0060214824043214,0.0157746970653533,-0.0027512311935424,0.078062504529953,0.0218763016164302,-0.0311882179230451,22.31613296518617,74.3536931154672,-0.0098423464223742,-0.0509502626955509,0.0185686945915222,-0.0696387812495231,-0.0093862814828753,0.0274988953024148,22.31613296518617,74.3536931154672,-0.012987695634365,0.002287826500833,0.0090737342834472,0.0335576720535755,0.0095075145363807,-0.0066682957112789,22.31613296518617,74.3536931154672,0.0008371617295779,0.009727063588798,4.89354133605957e-05,0.0062554241158068,-0.002378704957664,-0.0080488789826631,22.31613296518617,74.3536931154672,0.0068211201578378,0.0038813119754195,-0.0042634606361389,-0.0216406546533107,-0.0047736866399645,-0.0033312882296741,22.31613296518617,74.3536931154672,0.0220996364951133,0.0083107575774192,0.0012199878692626,-0.0610309652984142,0.0020144456066191,0.023470064625144,22.31613296518617,74.3536931154672,-0.0111293969675898,0.0119770178571343,0.0063478350639343,0.0418275594711303,0.0245597027242183,-0.0028076106682419,22.31613296518617,74.3536931154672,0.0014694824349135,-0.0130023546516895,0.008428931236267,-0.010965428315103,-0.0123256118968129,0.0150603028014302,22.31613296518617,74.3536931154672,-0.0030627793166786,-0.0103219486773014,0.0027697682380676,-0.0116915646940469,-0.0115287946537137,0.015672231093049,22.31613296518617,74.3536931154672,0.0049026766791939,-0.0075096460059285,0.0059342384338378,-0.0200494155287742,-0.0060309637337923,0.0085752392187714,22.31613296518617,74.3536931154672,0.0026194904930889,7.75633379817009e-05,0.0039336085319519,0.0076053803786635,-0.0010111723095178,0.0009092632681131,22.31613296518617,74.3536931154672,-0.0408671014010906,0.1155283153057098,0.0079032182693481,0.1216431111097335,0.0091522494331002,0.0445769838988781,22.31613296518617,74.3536931154672,-0.0009783577406778,-0.0066445870324969,-0.0060046315193176,0.0334420353174209,0.0036719962954521,0.0119491312652826,22.31613296518617,74.3536931154672,-0.002326819114387,-0.0175819508731365,0.0046842694282531,-0.0295111741870641,-0.007192101329565,0.0060168402269482,22.31613296518617,74.3536931154672,-0.0029870979487895,0.0117446770891547,0.0051794052124023,-0.035621877759695,-0.0032120086252689,0.0108051700517535,22.31613296518617,74.3536931154672,-0.0064729172736406,-0.005795108154416,0.0080112218856811,-0.0376148000359535,0.0019273594953119,0.0047581633552908,22.31613296518617,74.3536931154672,0.0171780474483966,-0.0265703815966844,0.0081602334976196,-0.0789925530552864,-0.0052242930978536,0.046732909977436,22.31613296518617,74.3536931154672,0.0071028368547558,0.0457257777452468,-0.0064760446548461,0.1040226817131042,0.0270782522857189,-0.0150501951575279,22.31613296518617,74.3536931154672,0.0009654227178543,0.0132604874670505,0.0025081038475036,0.0205393154174089,-0.0024460833519697,0.0177850816398859,22.31613296518617,74.3536931154672,-0.0007540467777289,-0.0021600276231765,0.007105529308319,0.0141535876318812,-0.0042293360456824,0.0054945279844105,22.31613296518617,74.3536931154672,0.0112862773239612,-0.0051330188289284,0.0114054679870605,-0.0310827046632766,-0.0128071121871471,0.0088746109977364,22.31613296518617,74.3536931154672,-0.0115345176309347,0.0693271458148956,0.003476858139038,0.0929344445466995,0.0218882840126752,0.0269380025565624,22.31613296518617,74.3536931154672,-0.0027221073396503,0.01712466776371,-0.0007620453834533,0.087223507463932,0.0027654571458697,-0.016204809769988,22.31613296518617,74.3536931154672,0.00105866859667,0.0142369754612445,0.0064276456832885,0.0307221766561269,0.0096958000212907,-0.0046779485419392,22.31613296518617,74.3536931154672,-0.0019313771044835,0.0075951274484395,-0.0012514591217041,-0.0537214688956737,-0.0060320291668176,0.0100714033469557,22.31613296518617,74.3536931154672,0.0004984295228496,0.003440179862082,0.0082169771194458,-0.031760960817337,-0.0022673849016427,0.0026522022671997,22.31613296518617,74.3536931154672,-0.0051774564199149,-0.0504930540919303,0.011863350868225,-0.1332224905490875,0.0154437012970447,0.1075626388192176,22.31613296518617,74.3536931154672,-0.0021304227411746,0.0408048443496227,0.0025208592414855,0.0824419111013412,-0.0089370058849453,-0.0355791039764881,22.31613296518617,74.3536931154672,8.432159665971994e-05,-0.0022173281759023,-0.0026265382766723,0.0326205864548683,0.0049327369779348,-0.0098464787006378,22.31613296518617,74.3536931154672,0.0068998960778117,0.0116753382608294,-0.0005872249603271,0.0685886293649673,0.018635232001543,-0.010513100773096,22.31613296518617,74.3536931154672,0.0054020402021706,0.0012963246554136,0.0058427453041076,-0.0104203317314386,-0.0050160335376858,0.0097118765115737,22.31613296518617,74.3536931154672,0.003642865922302,-0.0006882143206894,0.0085285305976867,0.0228651855140924,0.0081029646098613,-0.0132373813539743,22.31613296518617,74.3536931154672,-0.0054480144754052,0.0324299931526184,0.0063749551773071,0.0671452134847641,0.0014831442385911,0.0331569835543632,22.31613296518617,74.3536931154672,-0.0038055689074099,-0.0053386627696454,0.0005204081535339,0.0158681292086839,0.003076247870922,-0.0046617700718343,22.31613296518617,74.3536931154672,0.0007682465948164,0.0042104008607566,0.0111570954322814,-0.0559762306511402,-0.0181486140936613,0.0018696321640163,22.31613296518617,74.3536931154672,-0.0045461934059858,0.0080812815576791,0.0021078586578369,-0.0108039332553744,0.0041819922626018,-0.0054868506267666,22.31613296518617,74.3536931154672,-0.0035288603976368,0.0041061704978346,0.0044900774955749,-0.0329468660056591,0.0016685002483427,-0.0086188279092311,22.31613296518617,74.3536931154672,-0.0005353710148483,0.0008526314049959,0.0098365545272827,0.0259411912411451,0.0062270332127809,0.0047405529767274,22.31613296518617,74.3536931154672,0.000923111103475,0.0231528580188751,-0.007623553276062,0.0703195482492446,0.0084670186042785,-0.0147733930498361,22.31613296518617,74.3536931154672,-0.0017734845168888,-0.0010116109624505,0.0014917850494384,0.032500822097063,0.0014322781935334,-0.0164797808974981,22.31613296518617,74.3536931154672,-0.0036217081360518,0.0083143450319767,-0.0001901984214782,-0.0095788789913058,-0.0109466267749667,0.0216696020215749,22.31613296518617,74.3536931154672,-0.0036097897682338,0.0072092739865183,0.0072563886642456,-0.0013355440460145,0.0017798203043639,-0.0018850584747269,22.31613296518617,74.3536931154672,,,,,,,,,Meal
2023-02-24 18:28:22.611091,0.0353460386395454,0.0583096742630004,-0.0190856456756591,0.1024404168128967,0.0864749103784561,-0.0207332205027341,4.758512779661281,25.187943107289243,-0.0351388417184352,-0.0162707567214965,-0.0116834640502929,0.0482415445148944,0.021210428327322,0.0811901837587356,4.758512779661281,25.187943107289243,0.0106093548238277,0.0628459453582763,-0.060341477394104,0.1331602483987808,0.0369441136717796,0.1951298266649246,4.758512779661281,25.187943107289243,-0.0305568315088748,-0.0275454521179199,-0.0286929607391357,0.1235285475850105,0.1256012916564941,0.1630055159330368,4.758512779661281,25.187943107289243,-0.0318243317306041,-0.0003862380981445,-0.0018562078475952,-0.085261657834053,0.2922437787055969,0.2569214999675751,4.758512779661281,25.187943107289243,0.0343513675034046,-0.0303118228912353,0.0157296657562255,0.0809980779886245,0.2791873812675476,0.2584981918334961,4.758512779661281,25.187943107289243,-0.0146360136568546,-0.0449290871620178,0.009533405303955,-0.0968743413686752,0.3000716269016266,0.3155599236488342,4.758512779661281,25.187943107289243,0.0168890468776226,-0.0276997089385986,0.0226054787635803,-0.0517510995268821,0.2521238029003143,0.2855086922645569,4.758512779661281,25.187943107289243,-0.0089294388890266,-0.0597227811813354,0.0632004141807556,-0.12702576816082,0.1969561427831649,0.2815788090229034,4.758512779661281,25.187943107289243,-0.0330612584948539,-0.0274048447608947,0.0003703236579895,-0.021377082914114,0.149540975689888,0.3553620278835296,4.758512779661281,25.187943107289243,-0.0535774789750576,-0.0354469418525695,-0.0011929273605346,-0.018972860649228,0.163049042224884,0.2937454581260681,4.758512779661281,25.187943107289243,-0.0407969914376735,-0.0432561039924621,0.0351767539978027,-0.0771996304392814,0.1435046344995498,0.2369453012943267,4.758512779661281,25.187943107289243,-0.0372257083654403,-0.0213832259178161,0.016264796257019,-0.0808702856302261,0.0308273676782846,0.0891757011413574,4.758512779661281,25.187943107289243,-0.0247606560587883,0.0076341032981872,0.0196197628974914,-0.1238372772932052,0.0677611529827117,0.0554211027920246,4.758512779661281,25.187943107289243,0.0136350058019161,0.0532295703887939,0.0105198621749877,0.002767854835838,0.0435008220374584,0.0348683558404445,4.758512779661281,25.187943107289243,0.0653265342116355,0.0270971655845642,-0.0073978304862976,0.0230298247188329,0.1235674247145652,0.023736011236906,4.758512779661281,25.187943107289243,0.0429685525596141,0.0476681590080261,0.0277656316757202,-0.0716632902622222,0.2067944109439849,0.0158172994852066,4.758512779661281,25.187943107289243,0.0736995711922645,0.0532086491584777,-0.0616213083267211,0.0136149898171424,0.1186701357364654,0.0036807102151215,4.758512779661281,25.187943107289243,0.0270342975854873,-0.0123925805091857,-0.0404590368270874,0.0662882700562477,0.1245535910129547,0.0324130877852439,4.758512779661281,25.187943107289243,0.0026199370622634,0.0050440430641174,-0.0111420154571533,0.1155752837657928,0.132565438747406,0.0620428882539272,4.758512779661281,25.187943107289243,0.008865587413311,-0.0456169843673706,-0.0800686478614807,0.1273410469293594,0.0645917207002639,0.1481663435697555,4.758512779661281,25.187943107289243,-0.0084671676158905,-0.0265063047409057,0.0191136598587036,-0.0792593732476234,0.0356325097382068,0.2416548877954483,4.758512779661281,25.187943107289243,-0.0016949027776718,0.0685992836952209,0.0893723964691162,0.0379987321794033,0.2296613752841949,0.2600604295730591,4.758512779661281,25.187943107289243,-0.0144739672541618,-0.014229416847229,0.0401003956794738,0.0662079975008964,0.2974784970283508,0.2430227845907211,4.758512779661281,25.187943107289243,0.0278426930308341,-0.0190830826759338,0.0167337656021118,0.0869788974523544,0.3009659051895141,0.1531567424535751,4.758512779661281,25.187943107289243,0.0425759553909301,-0.0773890614509582,-0.0845505595207214,-0.0210396870970726,0.1695671379566192,0.0521421507000923,4.758512779661281,25.187943107289243,0.029636338353157,-0.0196035504341125,0.0595403909683227,-0.187807023525238,0.3388973176479339,0.066097617149353,4.758512779661281,25.187943107289243,0.0336683243513107,-0.0437709689140319,0.0018115639686584,0.0540371388196945,0.3168449997901916,0.0060603776946663,4.758512779661281,25.187943107289243,-0.0134088993072509,-0.035241961479187,-0.0231387615203857,-0.2661737501621246,0.2842590808868408,0.0315830111503601,4.758512779661281,25.187943107289243,-0.0008666068315505,-0.0340895056724548,-0.0372239351272583,-0.0657393485307693,0.0470433570444583,-0.0599680729210376,4.758512779661281,25.187943107289243,0.0017149597406387,-0.0778894424438476,-0.0430898070335388,-0.1351527571678161,-0.200640469789505,-0.1460714936256408,4.758512779661281,25.187943107289243,-0.0133826583623886,-0.0209043622016906,-0.0867164134979248,-0.0197610240429639,-0.2819268107414245,-0.1088401079177856,4.758512779661281,25.187943107289243,-0.0234589129686355,-0.0121311545372009,-0.0532637238502502,0.1911075711250305,-0.4693451821804046,-0.2615143656730652,4.758512779661281,25.187943107289243,-0.050795242190361,-0.0510179996490478,-0.08677339553833,0.2019110172986984,-0.5831284523010254,-0.2407991290092468,4.758512779661281,25.187943107289243,-0.0514727681875228,-0.0215123891830444,-0.0426574349403381,0.0263256710022687,-0.4233960509300232,-0.294991135597229,4.758512779661281,25.187943107289243,0.0336126163601875,0.0058440566062927,0.0476454496383667,-0.0036173402331769,-0.5000900030136108,-0.4292537569999695,4.758512779661281,25.187943107289243,0.034879021346569,0.0745779275894165,0.0670572519302368,0.0414728261530399,-0.2325954884290695,-0.2155351936817169,4.758512779661281,25.187943107289243,-0.0102152675390243,-0.0354653596878051,0.0526743531227111,0.0534502863883972,-0.0441904179751873,-0.284085214138031,4.758512779661281,25.187943107289243,-0.0294441655278205,0.0589374899864196,0.0799723267555236,-0.2432617545127868,0.078525111079216,-0.2890780568122864,4.758512779661281,25.187943107289243,-0.0005700588226318,-0.0075379014015197,0.043915569782257,0.1271712183952331,0.1948874145746231,-0.3578581213951111,4.758512779661281,25.187943107289243,0.0704641193151474,0.0424261689186096,0.0091484189033508,0.0374735593795776,0.0951099544763565,-0.2723570764064789,4.758512779661281,25.187943107289243,-0.0021315068006515,0.0631742477416992,0.0026047229766845,0.0417677983641624,0.1689122766256332,-0.1724165678024292,4.758512779661281,25.187943107289243,0.0591300874948501,0.030016541481018,0.105472445487976,-0.0133594237267971,0.1072174832224845,-0.1663733124732971,4.758512779661281,25.187943107289243,-0.0094675719738006,0.0470606684684753,0.0261471271514892,-0.0466013997793197,0.174683079123497,-0.0834131464362144,4.758512779661281,25.187943107289243,-0.0027994215488433,0.0194536447525024,0.0196088552474975,-0.0518768280744552,0.0909357145428657,0.0207732766866683,4.758512779661281,25.187943107289243,0.0035137236118316,-0.0665332078933715,-0.0476832389831543,0.0759623050689697,0.1111384555697441,-0.0316786803305149,4.758512779661281,25.187943107289243,0.0126161575317382,-0.0508551597595214,-0.0173661708831787,-0.1336720436811447,0.0045885737054049,-0.0774333178997039,4.758512779661281,25.187943107289243,-0.0252311825752258,-0.0089534521102905,-0.0091223120689392,-0.0616229064762592,-0.1251739561557769,-0.0268251001834869,4.758512779661281,25.187943107289243,-0.0100234001874923,-0.0356485247611999,-0.0482153892517089,0.0480997823178768,-0.1209227442741394,-0.0460927747189998,4.758512779661281,25.187943107289243,0.0176058560609817,-0.0233405828475952,-0.040984034538269,-0.1707344800233841,-0.2656245231628418,0.0060700643807649,4.758512779661281,25.187943107289243,0.0115709453821182,-0.010476529598236,-0.0382701158523559,0.0933210253715515,-0.1578157693147659,-0.0477725267410278,4.758512779661281,25.187943107289243,0.0421645790338516,-0.0198358297348022,-0.0050030946731567,0.0142226964235305,-0.0434780195355415,0.0446546077728271,4.758512779661281,25.187943107289243,0.0194364339113235,-0.0326575636863708,0.0088081359863281,-0.1098470017313957,-0.077385127544403,-0.0888043865561485,4.758512779661281,25.187943107289243,0.0356488525867462,0.0693815052509307,-0.036222755908966,-0.1935143321752548,-0.1189794316887855,-0.0015878216363489,4.758512779661281,25.187943107289243,0.0163342803716659,-0.0940328538417816,-0.0926363468170166,0.0021572983823716,-0.2320756316184997,0.1828759312629699,4.758512779661281,25.187943107289243,-0.0091383308172225,-0.0179291665554046,0.0235995054244995,-0.2175541967153549,-0.1443740129470825,0.1304626613855362,4.758512779661281,25.187943107289243,-0.0432473123073577,0.0716685950756073,-0.0068410634994506,-0.1678028255701065,-0.0401514694094657,0.2141510844230651,4.758512779661281,25.187943107289243,-0.029464766383171,0.0044585466384887,0.0333842039108276,-0.058531641960144,0.1652576029300689,0.1585728824138641,4.758512779661281,25.187943107289243,0.017548456788063,0.0915032029151916,0.1755372881889343,-0.2755075097084045,0.2492313385009765,0.0501021370291709,4.758512779661281,25.187943107289243,-0.0493994802236557,0.2401468157768249,0.016015887260437,0.1929877549409866,-0.0430276803672313,0.0317022576928138,4.758512779661281,25.187943107289243,0.1461043655872345,0.2538055777549743,0.0009348392486572,1.343148946762085,0.0858751758933067,-0.0300777535885572,4.758512779661281,25.187943107289243,0.2993325293064117,0.2186607718467712,0.1096652150154113,0.2637456953525543,-0.0542829968035221,-0.2335767447948455,4.758512779661281,25.187943107289243,-0.1262434720993042,-0.0846242308616638,0.0140271782875061,0.7601438164710999,-0.4647730588912964,-0.1141738593578338,4.758512779661281,25.187943107289243,-0.2810214161872864,-0.3810242414474487,0.1486403346061706,0.55888432264328,0.0632050111889839,0.2272075116634369,4.758512779661281,25.187943107289243,-0.0274327993392944,0.0326816439628601,0.0194008350372314,0.2656588852405548,-0.0231927242130041,0.1112349331378936,4.758512779661281,25.187943107289243,0.0773447006940841,0.0995174050331115,0.0614855885505676,-0.164310023188591,0.0350229144096374,0.0853480398654937,4.758512779661281,25.187943107289243,-0.0038711950182914,-0.0201701521873474,0.0628661513328552,-0.1398449838161468,0.1120958626270294,0.0750172734260559,4.758512779661281,25.187943107289243,0.0224557667970657,0.0336862802505493,0.0256074666976928,-0.1308914572000503,0.0563945136964321,0.0994767099618911,4.758512779661281,25.187943107289243,-0.0182887576520442,0.0295606851577758,0.0087859034538269,0.0786609426140785,0.1513508558273315,0.105326771736145,4.758512779661281,25.187943107289243,0.0033007934689521,0.0025224685668945,-0.00098317861557,0.0279347002506256,0.1538933664560318,0.1205200403928756,4.758512779661281,25.187943107289243,-0.0346810445189476,0.0209416151046752,0.0093876719474792,0.0034439777955412,0.203524574637413,0.0932384580373764,4.758512779661281,25.187943107289243,0.1052259877324104,0.0649951100349426,-0.0077850222587585,0.1485592722892761,0.1336030215024948,0.15988090634346,4.758512779661281,25.187943107289243,-0.0084817260503768,0.033898115158081,0.0609887838363647,-0.0814361348748207,0.0231633223593235,0.2563527524471283,4.758512779661281,25.187943107289243,0.0361813679337501,-0.0051066279411315,0.044474184513092,0.0828055664896965,-0.1270320415496826,0.2345739752054214,4.758512779661281,25.187943107289243,0.1362461447715759,0.0274438261985778,0.0029721856117248,0.2510706484317779,-0.1101675704121589,-0.0081651974469423,4.758512779661281,25.187943107289243,0.2569891214370727,-0.1756751537322998,0.1429881453514099,-1.1007453203201294,-0.1521086245775222,-0.1815161108970642,4.758512779661281,25.187943107289243,0.2719504535198211,-0.1295316219329834,-0.0979016423225402,-0.3265288472175598,-0.0529823079705238,1.0168288946151731,4.758512779661281,25.187943107289243,0.2509794235229492,0.1290258765220642,-0.103363811969757,0.6676520109176636,0.8934633135795593,2.12137508392334,4.758512779661281,25.187943107289243,0.1118327677249908,0.2917718291282654,0.0546491742134094,0.7332879900932312,0.2745489478111267,1.481705665588379,4.758512779661281,25.187943107289243,-0.4288677871227264,0.4558207392692566,0.0629534125328064,-0.2657576501369476,0.6427866220474243,-1.1926264762878418,4.758512779661281,25.187943107289243,-0.4060284793376922,0.0585688352584838,0.1920339465141296,-0.3677769601345062,2.3213083744049072,-2.07486629486084,4.758512779661281,25.187943107289243,0.0979592204093933,-0.1735898852348327,0.1100384593009948,-1.6758228540420532,3.4373855590820312,-1.728874444961548,4.758512779661281,25.187943107289243,0.3451601266860962,0.0336107611656188,-0.0792921185493469,-0.925783395767212,1.9229114055633545,-1.4353166818618774,4.758512779661281,25.187943107289243,0.3559733629226684,0.0200932919979095,0.1409647464752197,-0.3374293744564056,0.4168871939182281,-0.2269971817731857,4.758512779661281,25.187943107289243,0.0304768681526184,0.2464158833026886,-0.1290555596351623,0.5727301836013794,-0.1791817992925644,0.0617178119719028,4.758512779661281,25.187943107289243,-0.0370071530342102,-0.072618693113327,0.1352120637893676,-0.2028523832559585,0.0973739027976989,0.1222606897354126,4.758512779661281,25.187943107289243,0.0246384739875793,0.0679734945297241,0.1366440653800964,-0.0275539904832839,0.2368926554918289,0.1094133630394935,4.758512779661281,25.187943107289243,0.1327208876609802,0.002595841884613,0.085413634777069,0.1834789663553238,-0.2886198461055755,0.1000944674015045,4.758512779661281,25.187943107289243,0.0695422887802124,-0.0395456850528717,0.0654283761978149,0.4633212685585022,-0.5341111421585083,-0.1291072368621826,4.758512779661281,25.187943107289243,-0.0062829852104187,0.0463803708553314,0.0860247015953064,0.3467921316623688,-0.8442543148994446,-0.4902117550373077,4.758512779661281,25.187943107289243,-0.0508451461791992,0.0201199650764465,-0.0379236936569213,1.5905226469039917,-0.8949066400527954,-0.8982226848602295,4.758512779661281,25.187943107289243,-0.1646437644958496,0.0335839092731475,0.0075857043266296,1.6606026887893677,-0.6304379105567932,-0.9935861825942992,4.758512779661281,25.187943107289243,-0.0492121577262878,-0.2805101871490478,-0.0717650651931762,2.8991990089416504,-0.927218735218048,-1.1163103580474854,4.758512779661281,25.187943107289243,-0.1400616765022277,-0.2547492384910583,0.3139953017234802,1.7765737771987915,-0.1563595682382583,-1.8052316904067995,4.758512779661281,25.187943107289243,0.1040782332420349,-0.2032287120819091,0.101151555776596,2.19796109199524,0.2115859687328338,-1.197750449180603,4.758512779661281,25.187943107289243,0.1052839756011962,-0.1000815033912658,-0.1372922956943512,1.7409836053848269,-0.5614604353904724,-0.6014248728752136,4.758512779661281,25.187943107289243,0.0534937977790832,0.0773091316223144,0.0023699849843978,1.766565203666687,-0.5390244126319885,-0.3425971269607544,4.758512779661281,25.187943107289243,0.0157240629196167,-0.0073450803756713,0.0067828446626663,0.9497197270393372,-0.8240558505058289,-0.2234430164098739,4.758512779661281,25.187943107289243,0.0845584869384765,0.1228458285331726,-0.089767575263977,0.8824609518051147,-0.681110680103302,-0.3547762036323547,4.758512779661281,25.187943107289243,-0.0305761098861694,0.2337409853935241,0.0357911884784698,-0.221193179488182,-0.8633627891540527,-1.1818748712539673,4.758512779661281,25.187943107289243,CognitiveActivity
2023-02-24 18:28:32.574820,0.111956238746643,-0.145372062921524,0.1363594532012939,-0.8441673517227173,0.1416601538658142,0.0414774566888809,4.758512779661281,25.187943107289243,-0.1202730536460876,0.0758760869503021,0.0417063236236572,0.1416905224323272,-0.5658941268920898,0.1053226813673973,4.758512779661281,25.187943107289243,0.1133325099945068,-0.0874871611595153,-0.1131202578544616,-0.2161903977394104,-0.743496298789978,0.1566424965858459,4.758512779661281,25.187943107289243,-0.1227665543556213,0.1089004874229431,-0.1013615429401397,0.6863157749176025,-0.5003427863121033,-0.3690942227840423,4.758512779661281,25.187943107289243,-0.0362281799316406,-0.188082069158554,-0.0572602152824401,0.235010877251625,-0.4385212063789367,-0.3251124918460846,4.758512779661281,25.187943107289243,-0.0585785508155822,-0.0976365506649017,-0.0048764944076538,0.1263803392648697,-0.4550996720790863,-0.3522196412086487,4.758512779661281,25.187943107289243,-0.0551485419273376,0.0203563272953033,-0.0462020635604858,0.7134907245635986,-0.2248035967350006,-0.2263295948505401,4.758512779661281,25.187943107289243,0.0019083619117736,-0.0622819066047668,0.0735669136047363,0.5995174050331116,-0.5111815333366394,-0.4339674711227417,4.758512779661281,25.187943107289243,0.0358184576034545,0.1729573607444763,0.1320986747741699,1.1541659832000732,-0.3517285287380218,-0.6272472739219666,4.758512779661281,25.187943107289243,0.1607677936553955,-0.1187829077243805,0.1934200525283813,1.497123122215271,-0.5015169382095337,-0.6029701232910156,4.758512779661281,25.187943107289243,-0.0027964115142822,0.0504913926124572,0.0284705162048339,1.3023604154586792,-0.3358715176582336,-0.5968639850616455,4.758512779661281,25.187943107289243,-0.008646547794342,-0.0226682126522064,0.0178874433040618,0.3864503502845764,0.1275840103626251,-0.5250257253646851,4.758512779661281,25.187943107289243,-0.0522899627685546,0.3269568681716919,-0.1064356863498687,1.3242157697677612,0.493446946144104,-0.2109337449073791,4.758512779661281,25.187943107289243,0.0482739806175231,0.0379135012626647,-0.0671543776988983,0.8415878415107727,0.1116609647870063,-0.0319068096578121,4.758512779661281,25.187943107289243,-0.0901804566383361,-0.0745360851287841,0.0802240967750549,-1.703029751777649,0.3507971167564392,0.3952209055423736,4.758512779661281,25.187943107289243,0.019794762134552,-0.1255372464656829,-0.0353482365608215,-1.0631552934646606,0.0690463930368423,0.4489074945449829,4.758512779661281,25.187943107289243,-0.1549508571624755,-0.0658997595310211,-0.0153966546058654,-1.633297562599182,0.4032526016235351,0.6494547724723816,4.758512779661281,25.187943107289243,-0.0237857699394226,-0.0233741104602813,-0.0620872974395751,-1.472136378288269,0.6636455655097961,0.8307783007621765,4.758512779661281,25.187943107289243,0.0005243420600891,0.0959362387657165,-0.0217878818511962,-0.9868327379226683,0.3466614782810211,0.6809663772583008,4.758512779661281,25.187943107289243,0.0111730098724365,-0.087395042181015,0.0309827923774719,-0.4213643074035644,-0.1043272539973259,0.8188557624816895,4.758512779661281,25.187943107289243,0.0185464620590209,0.1048386096954345,0.1169650554656982,-0.2043010890483856,-0.357728362083435,0.6246079802513123,4.758512779661281,25.187943107289243,0.2242579460144043,0.0246008038520813,0.0647308230400085,1.4128332138061523,-1.0525833368301392,0.8281609416007996,4.758512779661281,25.187943107289243,0.2627393007278442,0.1048213243484497,0.1104905605316162,2.2516512870788574,-2.2329564094543457,0.0118415337055921,4.758512779661281,25.187943107289243,0.1224625706672668,-0.1542741656303405,0.1259772777557373,1.0567474365234375,-2.549058437347412,0.4383837878704071,4.758512779661281,25.187943107289243,-0.0357055366039276,0.1063804030418396,0.0402047932147979,1.401860237121582,-2.2694458961486816,0.5716806650161743,4.758512779661281,25.187943107289243,-0.084227941930294,0.0880095958709716,0.0529414117336273,1.611619472503662,-1.716382384300232,0.7223770618438721,4.758512779661281,25.187943107289243,-0.1398404836654663,-0.1315062642097473,0.0493196249008178,-0.1133270040154457,-1.288474678993225,1.073158860206604,4.758512779661281,25.187943107289243,-0.1422908008098602,0.1798468828201294,0.2078304290771484,0.927756130695343,0.279196172952652,0.993445873260498,4.758512779661281,25.187943107289243,-0.2013705372810363,-0.0380158424377441,0.3646222352981567,-0.0549246296286582,0.6823270916938782,0.3920795619487762,4.758512779661281,25.187943107289243,-0.1400091648101806,-0.1148827672004699,0.1959814727306366,0.0560553669929504,1.388330578804016,0.2326110005378723,4.758512779661281,25.187943107289243,0.0744857490062713,-0.0624036192893981,0.1747608035802841,-0.1041309833526611,1.0889979600906372,0.2437507659196853,4.758512779661281,25.187943107289243,0.1027225255966186,-0.0858473181724548,0.0262700915336608,-0.7469105124473572,-0.1450587064027786,0.0376782231032848,4.758512779661281,25.187943107289243,-0.0292884111404418,-0.1372784972190857,0.1026733815670013,-0.9009949564933776,-1.5777522325515747,0.0617318302392959,4.758512779661281,25.187943107289243,-0.1191973984241485,0.0212698578834533,0.2160703837871551,-1.1366382837295532,-0.6372915506362915,1.3325506448745728,4.758512779661281,25.187943107289243,-0.0838262438774108,-0.0624278783798217,-0.0237910151481628,0.2547212839126587,1.6068525314331057,1.0597288608551023,4.758512779661281,25.187943107289243,0.3064706027507782,0.2119573354721069,-0.0140756070613861,2.2125940322875977,1.374830722808838,0.520018994808197,4.758512779661281,25.187943107289243,0.2011451423168182,-0.1376972198486328,-0.0725170969963073,0.4165154993534088,1.093411564826965,-0.1062836349010467,4.758512779661281,25.187943107289243,0.0070195794105529,-0.1368993520736694,0.1117033958435058,0.6845436692237854,1.2216122150421145,-0.3572473526000976,4.758512779661281,25.187943107289243,-0.097281813621521,0.0150153636932373,0.0722118318080902,0.592656672000885,0.6394283771514893,-0.7213437557220459,4.758512779661281,25.187943107289243,-0.0271322727203369,0.1161154508590698,0.067493200302124,2.074446439743042,0.1660869121551513,-1.1456060409545898,4.758512779661281,25.187943107289243,0.0843041762709617,-0.1288982033729553,0.0396906062960624,0.7472465634346008,-0.0869871452450752,-1.44483482837677,4.758512779661281,25.187943107289243,-0.0132129117846488,0.293778657913208,0.0891900062561035,0.7587680816650391,0.6225396990776062,-2.4601938724517822,4.758512779661281,25.187943107289243,0.1627820134162902,0.0943331122398376,0.0946550369262695,-0.9318042397499084,0.6359721422195435,-1.6218397617340088,4.758512779661281,25.187943107289243,0.3532324433326721,-0.0449356436729431,-0.0950102806091308,1.0183322429656982,0.1540739387273788,-0.2781119644641876,4.758512779661281,25.187943107289243,0.2400811612606048,0.1438946723937988,-0.1177687644958496,-0.2053179144859314,-0.5846483111381531,-0.2411901950836181,4.758512779661281,25.187943107289243,-0.049384593963623,-0.238971471786499,0.0942609310150146,-0.7029342651367188,-0.7595727443695068,0.5510671734809875,4.758512779661281,25.187943107289243,-0.0959173738956451,1.3358020782470703,0.0611276663839817,2.3763248920440674,-0.0627848729491233,-0.05628452450037,4.758512779661281,25.187943107289243,0.0221359729766845,0.7108526229858398,0.1490125656127929,2.4415199756622314,0.1930884420871734,-0.485106498003006,4.758512779661281,25.187943107289243,-0.266704648733139,-0.4567754864692688,0.3188170790672302,-0.2607988119125366,1.8003191947937012,-0.2933479845523834,4.758512779661281,25.187943107289243,-0.0090126097202301,-0.4832632541656494,-0.0240780115127563,1.1040453910827637,1.2760961055755615,0.7661283612251282,4.758512779661281,25.187943107289243,0.2289937436580658,0.0291898250579834,0.0207484364509582,0.6222743988037109,0.5221906900405884,0.5834894776344299,4.758512779661281,25.187943107289243,0.1183350533246994,0.021461546421051,-0.1632900834083557,1.8866084814071653,0.2402967065572738,0.1166123896837234,4.758512779661281,25.187943107289243,0.1375996619462967,-0.3025989532470703,-0.0674908757209777,-0.1751906126737594,-0.2972687482833862,0.6050346493721008,4.758512779661281,25.187943107289243,-0.0508658289909362,0.0036543607711791,-0.088393747806549,-0.0920855849981308,-0.5322998762130737,0.3493109345436096,4.758512779661281,25.187943107289243,0.071826621890068,0.0685480237007141,-0.0163245797157287,0.32968670129776,-0.2344226688146591,0.3630799949169159,4.758512779661281,25.187943107289243,0.0705659687519073,0.0252949595451354,0.0381435751914978,0.9828246235847472,0.0863116681575775,0.2390212565660476,4.758512779661281,25.187943107289243,0.0370070040225982,0.0267027020454406,0.0289621949195861,0.3700973987579345,-0.5388654470443726,0.078282244503498,4.758512779661281,25.187943107289243,-0.0065929740667343,-0.1088896989822387,-0.106815218925476,-0.1258010417222976,-0.6546135544776917,0.1787406355142593,4.758512779661281,25.187943107289243,0.0070424545556306,0.2410726845264434,-0.0083126425743103,2.4365463256835938,0.5371797680854797,1.54397451877594,4.758512779661281,25.187943107289243,-0.027183536440134,0.0075686573982238,-0.0731769204139709,1.6415603160858154,0.344378650188446,0.9330365061759948,4.758512779661281,25.187943107289243,0.0375624820590019,-0.0009589791297912,-0.0352281928062438,0.9112035036087036,-0.0408145934343338,0.4574567675590515,4.758512779661281,25.187943107289243,-0.0623541548848152,-0.100938431918621,0.2272854447364807,-0.5895962119102478,0.0061521157622337,0.8481749892234802,4.758512779661281,25.187943107289243,0.0577700436115264,-0.2698439359664917,0.033223271369934,-12.615788459777832,-3.277021169662476,0.6716952919960022,4.758512779661281,25.187943107289243,-0.0594633668661117,0.4993114471435547,0.1767462790012359,-5.867067813873291,-0.0152186872437596,-1.088145732879639,4.758512779661281,25.187943107289243,0.2431389093399047,0.197892427444458,0.0842877924442291,3.54828143119812,3.6885271072387695,0.1249571293592453,4.758512779661281,25.187943107289243,0.1087416410446167,-0.1644856333732605,0.3492405712604522,5.52614688873291,3.219595670700073,-1.745976209640503,4.758512779661281,25.187943107289243,-0.4161999821662903,0.0534350872039794,0.3069219589233398,4.063480377197266,3.4464926719665527,-1.5133742094039917,4.758512779661281,25.187943107289243,-0.0161735489964485,-0.1966175138950348,0.0939675569534301,1.5821541547775269,2.125996828079224,-1.6998772621154783,4.758512779661281,25.187943107289243,0.1327596008777618,0.1092052608728408,-0.1498805284500122,0.231326162815094,0.627646267414093,-1.5738041400909424,4.758512779661281,25.187943107289243,0.1078790426254272,-0.0140357762575149,-0.0687317252159118,-0.1989148259162902,0.3358927369117737,-0.9934641122817992,4.758512779661281,25.187943107289243,0.0429220125079155,-0.0024894773960113,-0.0074437260627746,-0.1067209020256996,0.2826699912548065,-0.976019561290741,4.758512779661281,25.187943107289243,0.1161687299609184,0.0857767760753631,0.0607157945632934,-0.3029624223709106,0.3964309096336365,-0.4354652762413025,4.758512779661281,25.187943107289243,-0.0407568216323852,0.0411466062068939,-0.0445512533187866,-1.0157867670059204,0.1418604105710983,0.1295083165168762,4.758512779661281,25.187943107289243,0.0965466350317001,-0.1211416721343994,0.2362264990806579,-0.3440116941928863,-0.0810293853282928,0.0848655104637146,4.758512779661281,25.187943107289243,0.0949040055274963,0.0769596397876739,-0.0036913752555847,1.0558619499206543,-0.3370928764343261,-0.2818290889263153,4.758512779661281,25.187943107289243,0.0692755728960037,0.1123983860015869,-0.0586906671524047,1.3010538816452026,0.3776838779449463,2.38765811920166,4.758512779661281,25.187943107289243,-0.0481576211750507,0.0888782888650894,-0.0360627770423889,0.6350900530815125,-0.3529791533946991,1.3934060335159302,4.758512779661281,25.187943107289243,0.035653106868267,-0.0371179208159446,0.0237841606140136,0.6928927898406982,-0.6545813679695129,0.1168985441327095,4.758512779661281,25.187943107289243,-0.0593895614147186,-0.1776023954153061,0.1089252233505249,1.2259989976882937,-0.6297779679298401,-1.1461855173110962,4.758512779661281,25.187943107289243,0.09248898178339,-0.0071042776107788,0.0863415598869323,-0.2584773004055023,-0.3342110514640808,-0.2457349747419357,4.758512779661281,25.187943107289243,-0.0560012757778167,-0.0923497378826141,0.0648691654205322,0.102471999824047,-0.0935885980725288,0.0071846973150968,4.758512779661281,25.187943107289243,-0.0458534061908721,-0.0032078325748443,-0.0411394834518432,0.1016450077295303,-0.1109856888651847,-0.4132760167121887,4.758512779661281,25.187943107289243,-0.0874131917953491,-0.000594675540924,0.0233288407325744,-0.1102562993764877,-0.5519236326217651,-0.912580907344818,4.758512779661281,25.187943107289243,0.0514521896839141,0.0264689028263092,0.0609781742095947,-0.3183294236660003,0.3193129599094391,-0.1853009313344955,4.758512779661281,25.187943107289243,-0.0444098114967346,-0.1092656254768371,0.0060442686080932,-0.5187482833862305,1.1906590461730957,1.3717615604400637,4.758512779661281,25.187943107289243,0.152829885482788,-0.0723839402198791,0.0709588527679443,0.1149895712733268,-0.4656119346618652,2.3472440242767334,4.758512779661281,25.187943107289243,0.0880324393510818,0.0033564567565917,0.0176419019699096,1.0910955667495728,-0.1482446491718292,0.3593451380729675,4.758512779661281,25.187943107289243,0.0618587583303451,0.0302719175815582,-0.181265115737915,0.9799553751945496,-0.2588507831096649,-0.1886500269174575,4.758512779661281,25.187943107289243,-0.0169770568609237,0.1137594282627105,-0.0644429326057434,0.1324483752250671,-0.0088124526664614,0.1302562952041626,4.758512779661281,25.187943107289243,-0.0478709191083908,-0.2758668065071106,0.0316187739372253,-1.7382869720458984,1.5071126222610474,0.0930738747119903,4.758512779661281,25.187943107289243,0.7571733593940735,0.3151894211769104,-0.0799402594566345,1.1019889116287231,-0.7131176590919495,0.0762494504451751,4.758512779661281,25.187943107289243,0.0399392545223236,0.0347189754247665,0.0290479660034179,-0.0306212082505226,0.3077764213085174,-0.623938798904419,4.758512779661281,25.187943107289243,0.1527852267026901,0.1581179946660995,0.0405046939849853,-0.4066449403762817,0.1543732732534408,0.1131342649459838,4.758512779661281,25.187943107289243,-0.0291640311479568,0.0243751555681228,0.0169509649276733,0.11262197047472,-0.2440124452114105,0.1663873046636581,4.758512779661281,25.187943107289243,0.0674780905246734,-0.0081577003002166,0.0192397236824035,0.1087108254432678,-0.2216434925794601,1.6065285205841064,4.758512779661281,25.187943107289243,0.0322966799139976,-0.0128607749938964,0.0286802053451538,0.2660703063011169,-0.0795065984129905,0.5722804665565491,4.758512779661281,25.187943107289243,0.0276295915246009,0.1353946924209594,-0.1106709241867065,2.4502429962158203,-0.0728846415877342,-3.454913854598999,4.758512779661281,25.187943107289243,0.0944601595401763,0.0750126242637634,0.0365380644798278,0.1405252367258072,0.3322005271911621,-0.4935765266418457,4.758512779661281,25.187943107289243,0.9231133460998536,0.1586712300777435,0.3660563826560974,-1.9957984685897827,-1.767665982246399,4.95111083984375,4.758512779661281,25.187943107289243,,,,,,,,,CognitiveActivity
2023-02-26 16:10:02.682983,0.0883199572563171,-0.0729552507400512,-0.0997985005378723,1.7304216623306274,-0.4045189321041107,-1.1104415655136108,14.494549685637944,230.20749194274117,0.1189647316932678,-0.5905210971832275,0.0114758014678955,1.620904803276062,-1.9735692739486688,0.5416704416275024,14.494549685637944,230.20749194274117,-0.2592641711235046,-0.0399346947669982,0.2516224384307861,0.3322227895259857,-1.665244460105896,0.3784834146499634,14.494549685637944,230.20749194274117,-0.2328341007232666,0.177948772907257,0.1607146859169006,0.0806862711906433,-0.3897503912448883,-0.4662504494190216,14.494549685637944,230.20749194274117,-0.173372745513916,0.1805855631828308,0.0509752593934536,1.4662030935287476,1.4803199768066406,-0.6550873517990112,14.494549685637944,230.20749194274117,-0.2141647338867187,0.1437814235687255,-0.015006361529231,3.236247539520264,2.4507148265838623,-0.3638883829116821,14.494549685637944,230.20749194274117,0.0472428202629089,0.0495492219924926,0.2265152931213379,2.723550319671631,1.8439894914627075,0.1917319446802139,14.494549685637944,230.20749194274117,0.0057510733604431,-0.1960753798484802,0.2754178047180176,1.4850302934646606,1.2501336336135864,-0.1561013013124466,14.494549685637944,230.20749194274117,0.0957007408142089,-0.1112948060035705,0.2746880054473877,1.577823281288147,1.0075404644012451,0.6104017496109009,14.494549685637944,230.20749194274117,0.0081530809402465,0.0518463253974914,0.1806836128234863,1.3063206672668457,0.627526044845581,0.4868938624858856,14.494549685637944,230.20749194274117,-0.2598936557769775,-0.0580444037914276,-0.043989710509777,1.4311155080795288,0.3678502142429352,0.693351686000824,14.494549685637944,230.20749194274117,-0.2399522066116333,0.2326841652393341,-0.0718057006597518,2.915447235107422,1.2603052854537964,1.112676739692688,14.494549685637944,230.20749194274117,0.0563747286796569,0.2218540012836456,-0.1095777004957199,0.8126839995384216,0.5708054900169373,-0.8132025003433228,14.494549685637944,230.20749194274117,0.0802887678146362,-0.1160035133361816,-0.1496461480855941,0.701545000076294,0.2516581118106842,-0.7717381119728088,14.494549685637944,230.20749194274117,0.0148825645446777,-0.3151737749576568,-0.0353694558143615,0.8050714135169983,0.1034947335720062,0.1872560232877731,14.494549685637944,230.20749194274117,-0.0793636441230773,0.0057282745838165,0.0011345297098159,1.199506402015686,0.4539147913455963,0.926580548286438,14.494549685637944,230.20749194274117,-0.1439898610115051,0.175098031759262,-0.0906237512826919,1.3745369911193848,0.6672731637954712,0.6142157316207886,14.494549685637944,230.20749194274117,-0.1357336640357971,0.2180553972721099,-0.1030589789152145,1.5197757482528689,0.7325719594955444,0.0015595010481774,14.494549685637944,230.20749194274117,0.0691908597946167,0.2100992500782013,-0.0207117795944213,1.4333301782608032,0.2714885175228119,-0.9086403250694276,14.494549685637944,230.20749194274117,-0.0447672605514526,0.0389126241207122,0.183370754122734,1.1814632415771484,0.2787096798419952,-1.4303895235061646,14.494549685637944,230.20749194274117,-0.058073878288269,0.0208330154418945,0.2761202454566955,0.7953173518180847,0.6807937622070312,-1.3024139404296875,14.494549685637944,230.20749194274117,0.0158250927925109,0.040621280670166,0.3357887268066406,-0.1611237525939941,0.7500635981559753,-1.3356869220733645,14.494549685637944,230.20749194274117,0.1235173344612121,-0.0228840708732604,0.1610363721847534,0.1867881119251251,1.3168790340423584,-0.887262225151062,14.494549685637944,230.20749194274117,0.1804261803627014,-0.1157527565956115,-0.0926625654101371,0.2873621881008148,0.893097996711731,-0.0744345337152481,14.494549685637944,230.20749194274117,0.254845380783081,-0.1707463860511779,-0.2546365261077881,0.2188733071088791,-0.4203447997570038,0.7780565619468689,14.494549685637944,230.20749194274117,0.4047091603279114,-0.129659354686737,-0.0837659239768982,-0.6828811764717102,-2.1580379009246826,1.3255919218063354,14.494549685637944,230.20749194274117,0.2399449348449707,0.244674265384674,0.2419701069593429,-0.5433588624000549,-2.621681928634644,1.7968730926513672,14.494549685637944,230.20749194274117,-0.139687180519104,0.0261149406433105,0.4077426791191101,-1.3324700593948364,-2.0233616828918457,1.1991262435913086,14.494549685637944,230.20749194274117,-0.1340824365615844,0.219217836856842,0.4159799814224243,-1.0302547216415403,-1.1297767162322998,0.9217587113380432,14.494549685637944,230.20749194274117,-0.2004338502883911,0.3931376039981842,0.1225476562976837,0.025249246507883,-0.1813580393791198,0.7887975573539734,14.494549685637944,230.20749194274117,-0.1319748163223266,0.3578186631202698,-0.1591904759407043,0.0478852093219757,0.1092809811234474,-0.2196045070886612,14.494549685637944,230.20749194274117,-0.1600251197814941,0.2894780337810516,-0.1414030790328979,0.5034569501876831,-0.0161211490631103,-0.552779495716095,14.494549685637944,230.20749194274117,0.0355047583580017,0.4509468674659729,0.0467711687088012,1.2706183195114136,0.6043546199798584,-0.8857935070991516,14.494549685637944,230.20749194274117,-0.2440416812896728,0.2379833459854126,0.2188344597816467,1.6748247146606443,1.4011958837509155,-1.8068273067474363,14.494549685637944,230.20749194274117,-0.0220898389816284,0.2060011923313141,0.3919094800949096,2.29360032081604,1.48702871799469,-1.398566722869873,14.494549685637944,230.20749194274117,0.2772407531738281,0.1445808410644531,0.4424909949302673,2.3371832370758057,1.1501377820968628,-2.0221378803253174,14.494549685637944,230.20749194274117,0.4462395906448364,-0.4083632826805115,0.4199666380882263,0.0904892906546592,0.3680731356143951,-1.7138991355895996,14.494549685637944,230.20749194274117,0.5898311138153076,-0.8297617435455322,0.3274490237236023,-1.8624721765518188,-0.3632942736148834,0.2473739832639694,14.494549685637944,230.20749194274117,0.0844343900680542,-0.0255733132362365,-0.08863365650177,0.7681201100349426,0.5823348164558411,1.8953865766525269,14.494549685637944,230.20749194274117,0.1293596625328064,0.1878966391086578,-0.0053520202636718,-2.201369047164917,-1.1051589250564575,1.7101047039031982,14.494549685637944,230.20749194274117,-0.2732888460159302,0.3678013384342193,-0.0531568825244903,-0.8106547594070435,-0.659311830997467,1.3989825248718262,14.494549685637944,230.20749194274117,-0.2455546259880066,0.4429231882095337,-0.2383357286453247,0.1372400671243667,-0.4760940670967102,0.2313026189804077,14.494549685637944,230.20749194274117,-0.0438381433486938,0.3387658894062042,-0.0652099847793579,-0.5964912176132202,-0.6459156274795532,-0.8176726698875427,14.494549685637944,230.20749194274117,0.0476071834564209,0.4162877798080444,0.0504292845726013,0.9836037755012512,0.3898417949676513,-0.3048596382141113,14.494549685637944,230.20749194274117,0.0210665464401245,0.280740350484848,0.167168915271759,1.824709177017212,1.085036277770996,-1.1034139394760132,14.494549685637944,230.20749194274117,0.0769301652908325,0.0400254726409912,0.1967391669750213,0.7396944761276245,0.6278637051582336,-2.161324977874756,14.494549685637944,230.20749194274117,0.4022919535636902,-0.3120098114013672,0.2222160100936889,-0.758779764175415,0.1399677991867065,-2.12568736076355,14.494549685637944,230.20749194274117,0.3857215046882629,-0.5745503306388855,0.0214545428752899,-0.4343107938766479,-0.0958231687545776,-0.1525570601224899,14.494549685637944,230.20749194274117,0.4556621313095093,-0.3593935966491699,0.0250913500785827,-1.1432257890701294,-1.0068167448043823,1.9140419960021973,14.494549685637944,230.20749194274117,-0.0224782824516296,0.0527911186218261,-0.0417699217796325,-0.4993950426578522,-0.6254806518554688,1.9852360486984253,14.494549685637944,230.20749194274117,0.0288424491882324,0.3188041150569916,0.0029164552688598,-0.7250499725341797,-0.9235759973526,1.1505814790725708,14.494549685637944,230.20749194274117,-0.251227855682373,0.1920046210289001,0.0007990598678588,-0.6345342993736267,-0.5536410808563232,0.6361140012741089,14.494549685637944,230.20749194274117,-0.2441707849502563,0.287598967552185,-0.0367600917816162,-0.2477340400218963,-0.3179203867912292,0.3585098087787628,14.494549685637944,230.20749194274117,0.106417179107666,0.4013456404209137,0.0121547281742095,-0.5301967859268188,0.1131414994597435,-0.4906621277332306,14.494549685637944,230.20749194274117,-0.4210125803947449,0.1944587230682373,-0.0652199983596801,1.1527117490768433,1.1829242706298828,-0.8991672992706299,14.494549685637944,230.20749194274117,0.0157009363174438,0.0990059375762939,0.0996072888374328,0.7642643451690674,0.7207174897193909,-1.3053745031356812,14.494549685637944,230.20749194274117,0.1910198330879211,-0.2068673372268676,0.2438348531723022,-0.8527013063430786,0.4778704643249511,-2.345611095428467,14.494549685637944,230.20749194274117,0.3336645364761352,-0.2649259567260742,0.1212692707777023,-1.4915260076522827,0.6273353695869446,-2.143033266067505,14.494549685637944,230.20749194274117,0.4026978015899658,-0.3415125012397766,-0.1482876539230346,-1.9404104948043823,-0.0726627260446548,-0.7962433695793152,14.494549685637944,230.20749194274117,-0.1082546710968017,0.0887077450752258,-0.2500864565372467,-1.2203619480133057,-0.2419071495532989,0.1930199712514877,14.494549685637944,230.20749194274117,0.1423612236976623,0.1131049394607544,-0.0020057260990142,-1.4970473051071167,-0.9929431080818176,-0.2009041607379913,14.494549685637944,230.20749194274117,-0.2047011256217956,-0.047182023525238,-0.0876302421092987,-0.5809993147850037,-0.2661690711975097,-0.1995583176612854,14.494549685637944,230.20749194274117,-0.3076758086681366,0.0580925941467285,0.010128229856491,-0.1286715418100357,0.3011020720005035,0.0136807123199105,14.494549685637944,230.20749194274117,-0.0622445046901702,0.0858333110809326,0.0912694633007049,-0.4926712214946747,0.5985348224639893,-0.1621548384428024,14.494549685637944,230.20749194274117,-0.0399672091007232,0.1042643785476684,0.0525516271591186,-0.0469185560941696,0.8413107395172119,0.6852766275405884,14.494549685637944,230.20749194274117,0.1871113181114196,-0.021437644958496,0.0802271962165832,-0.3716253936290741,0.5973721146583557,0.3914145827293396,14.494549685637944,230.20749194274117,0.0281442701816558,0.0474675893783569,-0.1399281620979309,0.18244169652462,0.8741378784179688,-0.2677167654037475,14.494549685637944,230.20749194274117,0.0169788897037506,-0.1088664531707763,-0.1003715991973877,-0.5144239068031311,0.0155409071594476,-0.4790481626987457,14.494549685637944,230.20749194274117,0.1152011156082153,0.1106918454170227,-0.0290369391441345,-0.4042009115219116,-0.2473684698343277,-0.7323981523513794,14.494549685637944,230.20749194274117,0.2070618420839309,0.077946126461029,-0.0816570520401001,-0.2562742829322815,-0.7556442618370056,-1.1223657131195068,14.494549685637944,230.20749194274117,-0.0786625742912292,-0.0108107924461364,-0.1559997200965881,0.0684679299592971,-0.4176225066184997,-0.7401320338249207,14.494549685637944,230.20749194274117,-0.0043257772922515,-0.050453782081604,-0.0742663741111755,-0.579437255859375,-0.9388042092323304,-0.4617708027362823,14.494549685637944,230.20749194274117,-0.1363605260848999,0.0457158684730529,-0.2386698126792907,-0.4938383996486664,-0.8946199417114258,-0.6587175726890564,14.494549685637944,230.20749194274117,-0.0601787865161895,0.063025414943695,-0.0740380883216857,-0.300592690706253,-0.5996240377426147,-0.4496433138847351,14.494549685637944,230.20749194274117,0.0435388088226318,0.0820366144180297,0.0612318515777587,-0.2147653102874755,-0.4189234673976898,-0.23859703540802,14.494549685637944,230.20749194274117,-0.0333756506443023,-0.0153689980506896,-0.0040697455406188,0.2153237909078598,-0.4439393281936645,-0.2688096165657043,14.494549685637944,230.20749194274117,0.2025817930698394,-0.0121538043022155,0.0293164253234863,0.2510957419872284,-0.7814292311668396,0.4740916192531585,14.494549685637944,230.20749194274117,-0.0029455423355102,-0.0878499746322631,-0.0592315196990966,-0.1230385676026344,-0.7002150416374207,-0.2389106601476669,14.494549685637944,230.20749194274117,0.1118349432945251,-0.0602759718894958,-0.0076612830162048,0.0590275563299655,-0.8307919502258301,-0.0835512652993202,14.494549685637944,230.20749194274117,0.0789958238601684,0.0233038663864135,-0.0473526120185852,0.136855274438858,-0.9351396560668944,-0.1637436002492904,14.494549685637944,230.20749194274117,0.0729857087135315,0.0600353479385376,-0.0767509937286377,-0.1624522358179092,-1.1382499933242798,-0.291240781545639,14.494549685637944,230.20749194274117,0.0378987193107605,-0.0077531337738037,-0.0851309895515441,-0.1684943884611129,-0.8606516122817993,-0.0592487901449203,14.494549685637944,230.20749194274117,-0.0476547479629516,0.0371544361114501,-0.0513287186622619,-0.3341668546199798,-0.8339637517929077,0.0167634207755327,14.494549685637944,230.20749194274117,-0.0652906894683837,0.0160006284713745,-0.051690936088562,-0.241153210401535,-0.4965695440769195,0.0085644796490669,14.494549685637944,230.20749194274117,-0.0371996164321899,-0.0296362042427063,-0.0420172214508056,-0.2426914125680923,-0.3761855959892273,0.1660852283239364,14.494549685637944,230.20749194274117,0.0628191232681274,0.010587453842163,0.0121459662914276,-0.0383386760950088,-0.4496616721153259,0.3009235560894012,14.494549685637944,230.20749194274117,0.040535569190979,0.0285719037055969,0.0253172516822814,0.0818305313587188,-0.2297058552503585,0.3305506110191345,14.494549685637944,230.20749194274117,0.0352528095245361,-0.0122617483139038,0.0327782034873962,-0.1045285388827323,-0.2693350315093994,0.2034780085086822,14.494549685637944,230.20749194274117,0.0088104605674743,0.0078923106193542,-0.0243881344795227,-0.2090299278497696,-0.458507090806961,0.0333079099655151,14.494549685637944,230.20749194274117,0.0591416358947753,0.0247552990913391,0.0295296907424926,-0.154894158244133,-0.295031875371933,0.0391193926334381,14.494549685637944,230.20749194274117,-0.0047793984413146,0.0353871583938598,-0.0238185226917266,0.0763855651021003,-0.0885423496365547,-0.0040143621154129,14.494549685637944,230.20749194274117,0.0464416146278381,-0.0075769424438476,-0.0030211210250854,0.1704496294260025,-0.0406573861837387,-0.0286954082548618,14.494549685637944,230.20749194274117,-0.0028901696205139,0.0053394436836242,-0.0311706215143203,0.2594976723194122,-0.0315432474017143,-0.0386295653879642,14.494549685637944,230.20749194274117,-0.0249554514884948,0.0391886830329895,0.0259376764297485,1.117949604988098,0.224848061800003,-0.1059411242604255,14.494549685637944,230.20749194274117,-0.0117835402488708,0.0092467069625854,0.0356671512126922,0.6016727685928345,0.1957498341798782,-0.064854510128498,14.494549685637944,230.20749194274117,0.0052681565284729,-0.1175799965858459,0.0303898975253105,-0.0200064331293106,0.0761054530739784,0.1765917688608169,14.494549685637944,230.20749194274117,0.0060192346572875,-0.009409487247467,-0.0090719610452651,-0.6155616641044617,0.0897312462329864,0.0031616250053048,14.494549685637944,230.20749194274117,0.0124537944793701,-0.0156726837158203,-0.0391571819782257,-0.2358049899339676,0.1570114940404892,0.0428097359836101,14.494549685637944,230.20749194274117,0.0165560245513916,-0.1047837734222412,-0.0376477241516113,0.2117856740951538,0.2133250832557678,0.2167180031538009,14.494549685637944,230.20749194274117,,,,,,,,,Hobby
2023-02-26 18:24:02.704363,-0.0442606806755065,0.0341943763196468,-0.0166400671005249,0.0372027941048145,0.0858706459403038,-0.1213327646255493,9.57809927919102,87.05973375898753,0.0346494019031524,0.0511825159192085,0.0313156843185424,-0.8629350066184998,-0.5720531940460205,0.4852717220783233,9.57809927919102,87.05973375898753,-0.0988949090242385,-0.1778456270694732,0.0032880902290344,1.6914918422698977,0.1422114223241806,1.1688801050186155,9.57809927919102,87.05973375898753,0.0288029462099075,-0.0312579274177551,-0.0101259350776672,0.8183010220527649,-0.1912533640861511,0.8083052635192871,9.57809927919102,87.05973375898753,-0.0692701041698455,-0.1025667786598205,0.001630961894989,0.1053655445575714,0.2771556675434112,-0.7995632886886597,9.57809927919102,87.05973375898753,0.0462718158960342,0.0306094288825988,0.0642896890640258,1.55710768699646,-0.2617496252059936,-0.3470469713211059,9.57809927919102,87.05973375898753,-0.0284044742584228,0.0326806604862213,0.0326594114303588,1.3747986555099487,-0.0605691187083721,-0.8271673321723938,9.57809927919102,87.05973375898753,-0.0462062209844589,-0.005534291267395,-0.0238848328590393,0.282077819108963,-0.0383538305759429,0.0895024091005325,9.57809927919102,87.05973375898753,-0.015454277396202,0.0461282432079315,0.0875008702278137,0.4109732806682586,0.0074112606234848,0.2862628698348999,9.57809927919102,87.05973375898753,-0.0557845532894134,-0.0167228877544403,0.1034056544303894,-0.5298101902008057,0.2817969918251037,-0.0450250431895256,9.57809927919102,87.05973375898753,0.0755479484796524,0.0502013862133026,-0.0293765664100646,0.1339630186557769,1.0389750003814695,-2.472172975540161,9.57809927919102,87.05973375898753,0.1698714792728424,0.2806324362754822,0.0052604675292968,0.6479098200798035,0.4849754273891449,-0.7601557970046997,9.57809927919102,87.05973375898753,-0.0063781440258026,-0.0319148898124694,-0.0257560014724731,0.0133995655924081,0.0651163682341575,0.0417717397212982,9.57809927919102,87.05973375898753,0.0912977382540702,0.0340765118598938,0.0139937996864318,-0.2470646947622299,-0.1833288669586181,3.1031494140625,9.57809927919102,87.05973375898753,-0.073720283806324,-0.0511441826820373,-0.0355005264282226,0.39559406042099,-0.5205513834953308,1.0465186834335327,9.57809927919102,87.05973375898753,0.0685735046863555,-0.0294786095619201,-0.0376834869384765,-0.5806887745857239,-0.9839344620704652,-0.967474639415741,9.57809927919102,87.05973375898753,-0.1423195600509643,-0.1130244135856628,-0.0058897733688354,1.1100151538848877,-0.0102819819003343,-0.777508556842804,9.57809927919102,87.05973375898753,0.0131968706846237,0.0828874111175537,0.0373709797859191,0.6158100962638855,0.0020425939001142,-0.2031016945838928,9.57809927919102,87.05973375898753,-0.0587729811668396,-0.0030545592308044,0.1989334821701049,-0.4980237185955047,0.49015873670578,0.6631571054458618,9.57809927919102,87.05973375898753,0.155502513051033,-0.2233739197254181,-1.2444119453430176,-0.1444230377674102,-0.8535226583480835,-0.1797344833612442,9.57809927919102,87.05973375898753,0.0121185481548309,0.0337247550487518,-0.0065659880638122,0.5834957957267761,0.0246669463813304,-0.3299314379692077,9.57809927919102,87.05973375898753,0.0251713842153549,-0.0653786659240722,0.0307202339172363,-0.4948371946811676,-0.0907624438405036,0.1481903642416,9.57809927919102,87.05973375898753,-0.0787788331508636,0.0221451520919799,-0.0025413036346435,-0.3982349038124084,0.0974727123975753,0.0311606358736753,9.57809927919102,87.05973375898753,0.0232129245996475,0.0441752672195434,-0.0102381110191345,-0.1377974450588226,-0.0193548388779163,0.019426317885518,9.57809927919102,87.05973375898753,0.0037677586078643,0.0274359285831451,-0.0040668249130249,-0.0431252047419548,-0.0551021844148635,0.015274716541171,9.57809927919102,87.05973375898753,-0.0148830115795135,-0.0390035808086395,-0.0331150293350219,0.0640728622674942,0.1503939777612686,0.1759244203567505,9.57809927919102,87.05973375898753,0.0229937434196472,0.0255124270915985,0.0038721561431884,-0.0105115734040737,0.0044663376174867,0.2342479079961776,9.57809927919102,87.05973375898753,-0.0017676353454589,-0.0533198416233062,0.036571204662323,-0.3193561732769012,-0.0190509743988513,0.1008131206035614,9.57809927919102,87.05973375898753,-0.0732179582118988,-0.0079211592674255,0.0107901096343994,-0.0963139608502388,-0.0370459519326686,0.0122366482391953,9.57809927919102,87.05973375898753,-0.0079398453235626,0.0107342600822448,-0.0148983001708984,-0.1059998273849487,-0.0324948765337467,-0.0105973612517118,9.57809927919102,87.05973375898753,0.0134807527065277,0.0435017347335815,0.0006228685379028,-0.0225490350276231,0.0428792424499988,-0.0348839238286018,9.57809927919102,87.05973375898753,0.0044549703598022,0.0318103730678558,-0.0047202110290527,-0.0243050698190927,0.0265732370316982,-0.010882519185543,9.57809927919102,87.05973375898753,0.0017875134944915,0.0141211152076721,-0.0007292032241821,-0.0514252632856369,0.0291900597512722,0.0027157142758369,9.57809927919102,87.05973375898753,0.0060847401618957,0.0094260275363922,-0.0022658705711364,0.0876067653298378,-0.0273744165897369,-0.0447490736842155,9.57809927919102,87.05973375898753,0.0069549679756164,0.0154226422309875,0.0046948790550231,0.0214876644313335,0.0075145908631384,-0.0121304765343666,9.57809927919102,87.05973375898753,0.0058469474315643,0.0066130757331848,0.0033471584320068,-0.0096203461289405,0.0223494637757539,3.291224129498005e-05,9.57809927919102,87.05973375898753,0.0051212608814239,-0.0066196024417877,0.0045886039733886,-0.0064722769893705,0.0140148354694247,-0.0032604855950921,9.57809927919102,87.05973375898753,0.0041845440864562,-0.0159602761268615,0.0083240866661071,-0.0244115702807903,0.0152361607179045,-0.0318779163062572,9.57809927919102,87.05973375898753,-0.0002018213272094,-0.0136972665786743,0.0084599256515502,-0.0077932048588991,0.0488223508000373,-0.0108162071555852,9.57809927919102,87.05973375898753,-0.0328285098075866,0.0068030953407287,-0.0076485276222229,-0.0780965238809585,0.0386663861572742,0.0180795919150114,9.57809927919102,87.05973375898753,-0.0014100968837738,0.013088434934616,0.0040954947471618,0.0016254638321697,-0.0799161866307258,-0.0272279046475887,9.57809927919102,87.05973375898753,0.0032890290021896,0.0180767774581909,-0.0018866658210754,0.0595452226698398,-0.0203902758657932,-0.0154114579781889,9.57809927919102,87.05973375898753,0.0024147927761077,-0.0008839070796966,-9.018182754516602e-05,0.0500280708074569,-0.0120306136086583,-0.0144330458715558,9.57809927919102,87.05973375898753,0.0075894296169281,0.000899314880371,0.0031688809394836,0.0357150696218013,-0.0194587036967277,0.0039271195419132,9.57809927919102,87.05973375898753,0.0040968656539916,0.0003940165042877,0.0043838024139404,0.018025929108262,-0.0183966346085071,-0.0053264331072568,9.57809927919102,87.05973375898753,0.0064223408699035,0.0073181390762329,0.0013331174850463,0.0294650569558143,-0.0314658284187316,-0.006750491913408,9.57809927919102,87.05973375898753,-0.0007155537605285,-0.0077670514583587,0.0067363381385803,0.0031242645345628,-0.0125366151332855,0.0023163734003901,9.57809927919102,87.05973375898753,0.0067665129899978,-0.0021290481090545,0.0046889185905456,0.0282264482229948,-0.0204842872917652,-0.0162381026893854,9.57809927919102,87.05973375898753,0.0009334236383438,0.0054619312286376,0.0008431673049926,0.0482274293899536,-0.0185106173157691,-0.010685745626688,9.57809927919102,87.05973375898753,-0.0002031475305557,-0.0146913826465606,0.0058276057243347,0.0162045396864414,0.0029845545068383,-0.0037772057112306,9.57809927919102,87.05973375898753,0.0033627301454544,0.0060299634933471,0.0034738183021545,0.0267087128013372,-0.0139792496338486,-0.0063527151942253,9.57809927919102,87.05973375898753,-0.0005100220441818,0.000842660665512,0.0018360018730163,0.014316838234663,0.004923335276544,-0.0040190205909311,9.57809927919102,87.05973375898753,0.0003604441881179,-0.0059952437877655,0.0065582990646362,-0.0058533316478133,-0.0005292203277349,-0.0002463534474372,9.57809927919102,87.05973375898753,0.0001077204942703,-0.0009047091007232,0.0057519078254699,-0.0093456143513321,0.022328957915306,0.0027958084829151,9.57809927919102,87.05973375898753,-0.0105524361133575,-0.0025318264961242,0.0020455121994018,-0.0313865467905998,0.0273945555090904,-0.0004835079889744,9.57809927919102,87.05973375898753,0.0095100700855255,0.0032864212989807,0.001879334449768,-0.0266297683119773,-0.0212297067046165,0.0030630240216851,9.57809927919102,87.05973375898753,0.0036386549472808,0.0127657651901245,0.0048543214797973,0.0223207287490367,-0.0016964841634035,-0.0052657462656497,9.57809927919102,87.05973375898753,0.0060249865055084,0.0003957450389862,0.0026149153709411,-0.0032121147960424,-0.0056643281131982,-0.0037948824465274,9.57809927919102,87.05973375898753,-0.0045419335365295,0.0062429308891296,0.0013917088508605,-0.0276395082473754,0.0274467542767524,-0.0042252824641764,9.57809927919102,87.05973375898753,0.0038298666477203,-0.0042828917503356,0.0046318173408508,-0.0233389548957347,0.0049249334260821,-0.0012238000053912,9.57809927919102,87.05973375898753,0.003218874335289,-0.0019433200359344,0.0025548338890075,0.0092388028278946,0.0007749292999505,-0.0085043497383594,9.57809927919102,87.05973375898753,0.003890722990036,0.0029262602329254,0.0009534955024719,-0.0125952837988734,0.0035448838025331,0.003033329732716,9.57809927919102,87.05973375898753,0.0029447078704833,-0.0033217966556549,0.0045750141143798,-0.0134959649294614,0.0050714071840047,-0.0080726509913802,9.57809927919102,87.05973375898753,0.0072442442178726,0.0156286060810089,0.0009005069732666,0.0254176650196313,0.000951497349888,-0.0092066247016191,9.57809927919102,87.05973375898753,0.0037160068750381,-0.0097973644733428,0.0070270299911499,-0.0074798306450247,0.0134249441325664,-0.0013117511989548,9.57809927919102,87.05973375898753,-0.0012817680835723,-0.0097573697566986,0.0073646306991577,-0.0356504023075103,0.0220120400190353,-0.0276487171649932,9.57809927919102,87.05973375898753,0.0092829763889312,0.0044021606445312,0.0039077401161193,-0.0094430856406688,0.0112693812698125,-0.007947982288897,9.57809927919102,87.05973375898753,0.0007526278495788,-0.0010639429092407,0.0039409399032592,-0.0324330627918243,0.0237580109387636,-0.000979721546173,9.57809927919102,87.05973375898753,0.0037649273872375,0.0054087042808532,0.0006974339485168,-0.0126868961378932,0.0275623351335525,-0.0022995173931121,9.57809927919102,87.05973375898753,0.0081373006105422,-0.0015524923801422,0.0070991516113281,-0.0358396433293819,0.0068253655917942,0.0015923264436423,9.57809927919102,87.05973375898753,0.006208062171936,0.010387510061264,0.0034283995628356,-0.0173185858875513,0.0038082697428762,0.0021834815852344,9.57809927919102,87.05973375898753,0.0037880688905715,0.0084095299243927,0.0009282231330871,0.0411208346486091,-0.0568444207310676,0.0019456944428384,9.57809927919102,87.05973375898753,0.0013496279716491,0.0024359822273254,0.0013399720191955,0.0494770891964435,-0.0217809788882732,-0.0088387764990329,9.57809927919102,87.05973375898753,0.0054662376642227,0.0113351941108703,0.0033931136131286,0.0259026531130075,-0.0200962647795677,-0.0007030523847788,9.57809927919102,87.05973375898753,-0.0018674433231353,0.0008614063262939,-5.4836273193359375e-06,0.0519217401742935,-0.0168850235641002,-0.0003864688333123,9.57809927919102,87.05973375898753,0.0059443116188049,0.0064682960510253,0.0030904412269592,0.0288230758160352,-0.0310892574489116,-0.0034421135205775,9.57809927919102,87.05973375898753,0.0086559653282165,0.0008394718170166,0.0018064975738525,0.0188706573098897,-0.0284817591309547,0.0001209632027894,9.57809927919102,87.05973375898753,9.071826934814452e-05,-8.293986320495605e-05,0.0037227869033813,-0.0063254032284021,-0.0124362139031291,0.0029867240227758,9.57809927919102,87.05973375898753,0.0012352615594863,-0.0003747045993804,0.0031669735908508,0.0139508657157421,-0.0184176713228225,0.0019172984175384,9.57809927919102,87.05973375898753,0.0002532005310058,-0.0022767484188079,0.0031583905220031,0.0082960966974496,-0.0039364686235785,0.0053548067808151,9.57809927919102,87.05973375898753,0.001179352402687,-0.0048657357692718,0.0036502480506896,-0.0075994599610567,0.0046972334384918,-0.002668764675036,9.57809927919102,87.05973375898753,0.0023102462291717,-0.0014225244522094,0.0034125447273254,-0.0139962397515773,0.0271000117063522,0.0005288594402372,9.57809927919102,87.05973375898753,0.0095231384038925,0.0209053754806518,0.0043340921401977,0.00418212544173,-0.0345183461904525,-6.675650365650654e-05,9.57809927919102,87.05973375898753,0.0049549639225006,0.0129783749580383,-0.0013009905815124,0.0075350981205701,-0.0233346670866012,0.0052053704857826,9.57809927919102,87.05973375898753,-0.0006087124347686,0.0106857120990753,-0.0010309815406799,0.0173344388604164,-0.0106449713930487,-0.0020587008912116,9.57809927919102,87.05973375898753,0.0011675655841827,0.0024529099464416,0.0043017864227294,0.0296002943068742,0.0013725426979362,-0.0065890378318727,9.57809927919102,87.05973375898753,0.0053572654724121,0.0034784972667694,0.005544900894165,0.0193860847502946,0.0046993638388812,-1.199520193040371e-05,9.57809927919102,87.05973375898753,0.0035014450550079,-0.0017483830451965,0.0040236115455627,0.0027856701053678,0.0046346494928002,0.0027213734574615,9.57809927919102,87.05973375898753,0.0050045847892761,0.0034473538398742,0.0042844414710998,-0.0006242147646844,-0.0032472424209117,-0.006167558953166,9.57809927919102,87.05973375898753,0.0028892159461975,0.00434410572052,0.0029717683792114,0.0064867981709539,0.007498612627387,0.0004370138049125,9.57809927919102,87.05973375898753,-0.0014455318450927,0.0026836097240448,0.0039918422698974,0.012517393566668,0.0178583078086376,-0.0038041034713387,9.57809927919102,87.05973375898753,0.0085522383451461,-0.0073665082454681,0.0076919198036193,-0.0395665019750595,-0.0015460150316357,-0.0013270638883113,9.57809927919102,87.05973375898753,0.0023590922355651,0.0065594315528869,0.0022425055503845,-0.0134257897734642,0.0010425779037177,-9.997934103012084e-05,9.57809927919102,87.05973375898753,0.0036648958921432,0.0025312006473541,0.0037415027618408,-0.0065597351640462,0.010129015892744,0.0021625091321766,9.57809927919102,87.05973375898753,0.0002747476100921,0.0041268467903137,0.0033968687057495,-0.0078804232180118,0.0164644103497266,0.0056019481271505,9.57809927919102,87.05973375898753,0.0028259754180908,0.0061940550804138,0.0017610788345336,-0.002493487438187,0.0105721661821007,-0.0036277021281421,9.57809927919102,87.05973375898753,0.0062199383974075,-0.0009075105190277,0.0024992823600769,-0.0119301322847604,0.0150723755359649,0.0010655864607542,9.57809927919102,87.05973375898753,0.0039982199668884,-0.0009218156337738,0.0067349076271057,-0.0171905402094125,0.0050274655222892,-0.0001109649892896,9.57809927919102,87.05973375898753,0.00324547290802,0.0061065256595611,0.0033504366874694,0.0017372900620102,0.0031027984805405,0.002201990224421,9.57809927919102,87.05973375898753,,,,,,,,,CognitiveActivity
2023-02-27 13:51:37.574532,-0.0212734937667846,-0.0154042243957519,0.0096670985221862,-0.2261705696582794,-0.0458353906869888,0.6616426110267639,11.479735485872183,344.94705153862856,-0.0202827751636505,0.0029610395431518,-0.0015443563461303,-0.09028922021389,-0.1023314222693443,0.5543044805526733,11.479735485872183,344.94705153862856,-0.0047307312488555,0.0453391075134277,-0.0309951305389404,-0.1325177401304245,-0.1779534816741943,0.439595878124237,11.479735485872183,344.94705153862856,0.0069256424903869,-0.002288818359375,-0.006386399269104,-0.2095082551240921,-0.1337527334690094,0.3843690752983093,11.479735485872183,344.94705153862856,0.0029931664466857,0.0580509901046752,0.0186647176742553,-0.039286520332098,-0.0655244141817092,0.3216676712036133,11.479735485872183,344.94705153862856,-0.001651331782341,0.0012508034706115,0.0221108943223953,-0.0203792452812194,-0.0296937078237533,0.2381065487861633,11.479735485872183,344.94705153862856,0.0124367326498031,0.0206059217453002,-0.0039320737123489,-0.1326660811901092,-0.0556816309690475,0.1697287708520889,11.479735485872183,344.94705153862856,0.0035486370325088,0.0215733647346496,0.0039765387773513,0.08101736754179,-0.0207502786070108,0.1128705292940139,11.479735485872183,344.94705153862856,-0.0016174241900444,-0.0072599053382873,-0.0009250491857528,-0.0176242310553789,-0.0579013749957084,0.0915052145719528,11.479735485872183,344.94705153862856,0.0131818652153015,-0.0130975246429443,-0.0035270452499389,0.0154432272538542,-0.06768848747015,0.1217362880706787,11.479735485872183,344.94705153862856,0.0148174241185188,-0.0116817951202392,0.0044245868921279,-0.0673485100269317,-0.0743487924337387,0.1424686312675476,11.479735485872183,344.94705153862856,-0.002217948436737,0.0115917921066284,0.0082874298095703,-0.0261550825089216,-0.053277064114809,0.1050027161836624,11.479735485872183,344.94705153862856,0.0021102428436279,0.0323359966278076,0.0167801976203918,-0.027346234768629,-0.0252880416810512,0.0099022658541798,11.479735485872183,344.94705153862856,-0.0039531588554382,-0.0046571493148803,0.0107356309890747,-0.014033118262887,-0.0317054577171802,0.0386014580726623,11.479735485872183,344.94705153862856,0.0073041319847106,0.0053609609603881,0.0163577795028686,0.0246736370027065,-0.048821598291397,-0.0034573150333017,11.479735485872183,344.94705153862856,0.0004164576530456,-0.0077683329582214,0.0071861743927001,0.0375881306827068,-0.0431195013225078,0.0028909617103636,11.479735485872183,344.94705153862856,0.0058331191539764,-0.0008778572082519,0.0038936138153076,-0.0260671712458133,-0.0806556940078735,-0.0362638980150222,11.479735485872183,344.94705153862856,0.0017774924635887,-0.0039887428283691,0.0041994899511337,0.0292504392564296,-0.0862438008189201,-0.0343396663665771,11.479735485872183,344.94705153862856,0.0006744265556335,0.0013033151626586,-0.0022874474525451,-0.099821500480175,-0.1420346349477768,-0.0106564713642001,11.479735485872183,344.94705153862856,0.0010340884327888,-0.0064396262168884,-0.01774512976408,-0.1756027042865753,-0.1068513393402099,0.0172971319407224,11.479735485872183,344.94705153862856,0.0011118426918983,0.0041315555572509,0.0128889754414558,-0.1310922056436538,-0.1017399355769157,-0.0008897614316083,11.479735485872183,344.94705153862856,-0.0025369301438331,-0.0023788809776306,-0.0013796240091323,-0.0770781561732292,-0.0345984473824501,0.015674602240324,11.479735485872183,344.94705153862856,0.0006518065929412,-0.0075055360794067,0.0072265863418579,-0.0342071764171123,-0.039648599922657,0.0127747524529695,11.479735485872183,344.94705153862856,-0.0050220489501953,0.0206443071365356,-0.0017093420028686,-0.0308483727276325,-0.0297581553459167,0.0368910394608974,11.479735485872183,344.94705153862856,-0.0018730536103248,0.0031017661094665,0.0141597315669059,-0.0568287335336208,-0.0517049990594387,0.0177574269473552,11.479735485872183,344.94705153862856,-0.0009502694010734,0.0033921599388122,4.3161213397979736e-05,-0.0265693105757236,-0.0342820659279823,0.0166950915008783,11.479735485872183,344.94705153862856,0.0005345940589904,-0.0008022785186767,0.0095465183258056,0.0028284192085266,-0.0132281808182597,0.027707926928997,11.479735485872183,344.94705153862856,0.0015147924423217,-0.0037000179290771,0.0058594942092895,0.0016591848107054,-0.0222730748355388,0.0067839375697076,11.479735485872183,344.94705153862856,-0.002190887928009,0.001216173171997,0.0002186298370361,-0.0155786573886871,-0.0137589480727911,0.0118140494450926,11.479735485872183,344.94705153862856,-0.0005363523960113,-0.004520833492279,0.0015075206756591,0.0022800208535045,-0.0085825622081756,0.011922706849873,11.479735485872183,344.94705153862856,-0.0007766708731651,-0.0057812929153442,0.0030024126172065,-0.005829757079482,-0.0026391856372356,0.0230652056634426,11.479735485872183,344.94705153862856,0.0014660060405731,-0.0020656585693359,0.0014141798019409,0.0002179885486839,0.0090694027021527,0.0173052214086055,11.479735485872183,344.94705153862856,-6.5267086029052734e-06,0.0029863119125366,0.0021452903747558,0.0059727332554757,-0.0047739753499627,0.0079210065305233,11.479735485872183,344.94705153862856,-0.0014346912503242,-0.0020381212234497,0.0029284879565238,-0.0005114778759889,-0.0029323995113372,0.0080554969608783,11.479735485872183,344.94705153862856,0.0006222426891326,-0.00184166431427,0.0034688711166381,0.0033682950306683,-0.0035643680021166,0.0018198052421212,11.479735485872183,344.94705153862856,-0.0011669993400573,-0.0010950565338134,-0.002288281917572,-0.0059864842332899,0.0036373529583215,0.0151315499097108,11.479735485872183,344.94705153862856,0.0013795122504234,-0.0041764974594116,-0.0019006803631782,0.0004372199764475,-0.0071199536323547,-0.0038583204150199,11.479735485872183,344.94705153862856,-0.0012236200273036,-0.0020748376846313,-0.0017768666148185,0.0061087943613529,0.0119362957775592,0.0130771864205598,11.479735485872183,344.94705153862856,-0.0006261728703975,-0.0025140643119812,9.454041719436646e-05,-0.0006994171999394,0.0001054685562849,0.0054246601648628,11.479735485872183,344.94705153862856,-0.0007361769676208,0.0004210472106933,0.0040851831436157,0.0061993948183953,0.0036163139156997,0.011490142904222,11.479735485872183,344.94705153862856,-0.0011480450630187,-0.0025609731674194,0.0001289844512939,0.007235737517476,-0.0119490642100572,-0.0010791788809001,11.479735485872183,344.94705153862856,-0.0012548640370368,-0.0020915269851684,0.0006065890192985,-0.0001765321067068,-0.0054128672927618,0.009178452193737,11.479735485872183,344.94705153862856,0.0002656616270542,0.00311940908432,0.0022583678364753,0.0004812952829524,-0.0014626011252403,-0.0005184169858694,11.479735485872183,344.94705153862856,-0.0033162198960781,0.0007051229476928,-0.000459961593151,-0.0063913916237652,0.0028876727446913,0.0143011091277003,11.479735485872183,344.94705153862856,0.0016286745667457,-0.0011885166168212,0.0004146173596382,-0.003708389820531,-0.0036927321925759,-0.0003128875396214,11.479735485872183,344.94705153862856,-0.0007774792611598,0.0026149153709411,-0.0008358284831047,0.0009509171359241,0.0114731714129447,0.0173642430454492,11.479735485872183,344.94705153862856,-0.0005907714366912,0.0039392709732055,0.0044917464256286,0.0113873658701777,-0.0045707756653428,0.0081054307520389,11.479735485872183,344.94705153862856,-0.0027339160442352,0.0005080699920654,-0.0004562735557556,0.0079518351703882,-0.0107945837080478,0.0058263642713427,11.479735485872183,344.94705153862856,-0.0030137002468109,-0.0009208917617797,-0.0008498430252075,-0.0035520619712769,7.031438872218132e-05,0.011519537307322,11.479735485872183,344.94705153862856,-0.0013763606548309,-0.0016250610351562,0.0010571479797363,0.0090874601155519,-0.0019848467782139,0.0034022887703031,11.479735485872183,344.94705153862856,-0.0011943764984607,-0.0007990002632141,-0.0010993927717208,0.0005440393579192,-0.0048831654712557,0.0068045435473322,11.479735485872183,344.94705153862856,-0.0008521974086761,-0.0044798851013183,-0.0006350874900817,0.0002552195219323,-0.0117727620527148,-0.0059610195457935,11.479735485872183,344.94705153862856,-0.0038090348243713,-0.0012481212615966,-0.0015429258346557,0.0160919204354286,-0.0038682343438267,0.0099335256963968,11.479735485872183,344.94705153862856,-0.0001043379306793,-0.0035070180892944,-0.0009210109710693,-0.0137709844857454,-0.0079069174826145,-0.0185742489993572,11.479735485872183,344.94705153862856,-0.001757439225912,0.0047507882118225,0.0017598941922187,0.0186170749366283,-0.0059588160365819,0.0017984332516789,11.479735485872183,344.94705153862856,-0.0021382272243499,0.0001162886619567,-0.0006723403930664,-0.0091168973594903,-0.0020538223907351,0.0031646017450839,11.479735485872183,344.94705153862856,-0.0029057785868644,-0.0012937784194946,-0.0008628889918327,-0.0076504806056618,0.0043896958231925,-0.0036913403309881,11.479735485872183,344.94705153862856,-0.0023151934146881,0.0051009654998779,0.0018399953842163,-0.0089106084778904,0.0110039226710796,0.0145193878561258,11.479735485872183,344.94705153862856,-7.858872413635254e-05,0.0074032545089721,0.0008256435394287,0.0010954468743875,0.0209018271416425,0.0149964606389403,11.479735485872183,344.94705153862856,-0.0019467398524284,-0.0012893080711364,0.0012818723917007,-0.003974066581577,0.0148287545889616,0.0282915942370891,11.479735485872183,344.94705153862856,-0.0022026933729648,0.0022271275520324,6.114691495895386e-05,0.0029504182748496,0.0146599095314741,0.0421317741274833,11.479735485872183,344.94705153862856,-0.0017015039920806,-0.0056898593902587,0.0008230209350585,-0.0282535459846258,0.017544912174344,0.0455397889018058,11.479735485872183,344.94705153862856,-0.004786130040884,0.0049973130226135,-0.0053393766283988,-0.0130903860554099,0.0240361019968986,0.0332033261656761,11.479735485872183,344.94705153862856,-0.0387809574604034,-0.0057017803192138,-0.0021145343780517,0.0515172071754932,-0.3253874182701111,0.4251822829246521,11.479735485872183,344.94705153862856,-0.0032135508954524,-0.0018491148948669,-0.0020580813288688,0.0395279489457607,-0.1562753468751907,0.4715959727764129,11.479735485872183,344.94705153862856,0.003799170255661,0.004026174545288,0.0040479898452758,0.0102128321304917,0.3762761652469635,-0.4922631382942199,11.479735485872183,344.94705153862856,-0.0041574817150831,0.001259446144104,0.0017800405621528,-0.0007127064163796,-0.2313264310359954,0.2533890306949615,11.479735485872183,344.94705153862856,0.0032618064433336,-0.0070117115974426,0.0024565532803535,0.0075845317915081,0.0794500932097435,0.0049425945617258,11.479735485872183,344.94705153862856,-0.0035364907234907,-0.0056521296501159,-0.0041010305285453,-0.0182698350399732,0.0058179483748972,-0.0110700940713286,11.479735485872183,344.94705153862856,-0.0052298307418823,0.0092544555664062,0.0075669288635253,0.0657221376895904,0.0161368995904922,-0.0391112826764583,11.479735485872183,344.94705153862856,-0.0043317936360836,0.0066308975219726,0.0004695132374763,-0.0073307682760059,-0.0055359052494168,0.0403553806245327,11.479735485872183,344.94705153862856,-0.0240780394524335,0.055251657962799,0.0114166215062141,0.1628367304801941,0.2081039547920227,0.0647971034049987,11.479735485872183,344.94705153862856,-0.0281613152474164,0.0069131851196289,-0.0360293313860893,0.0464000254869461,0.3313009738922119,0.116531141102314,11.479735485872183,344.94705153862856,-0.0833365619182586,-0.0082783699035644,-0.0198171138763427,0.2436724603176117,0.2550906240940094,0.0529983676970005,11.479735485872183,344.94705153862856,-0.0511454939842224,-0.0118923783302307,-0.007854513823986,-0.0151118850335478,0.2830460965633392,0.141598641872406,11.479735485872183,344.94705153862856,-0.0306199230253696,-0.0261753797531127,-0.0386739820241928,0.1683672219514846,0.2317147403955459,0.1415263414382934,11.479735485872183,344.94705153862856,-0.0257993973791599,0.0057840347290039,-0.0365786403417587,0.1215192824602127,0.1721970736980438,0.1165176257491111,11.479735485872183,344.94705153862856,-0.0197216570377349,-0.0030063390731811,0.0034558773040771,0.0445064641535282,0.0305696353316307,0.0675243213772773,11.479735485872183,344.94705153862856,0.0018816962838172,-0.0297904014587402,0.002480611205101,-0.0527128465473651,-0.0105556976050138,0.0782750621438026,11.479735485872183,344.94705153862856,0.0110974833369255,-0.029317021369934,0.0088901668787002,0.046871829777956,-0.1170342043042182,0.0935776233673095,11.479735485872183,344.94705153862856,0.0178884491324424,-0.0150073766708374,0.0347541123628616,0.0541069991886615,-0.1041469052433967,0.12210413813591,11.479735485872183,344.94705153862856,0.0167762711644172,0.011690080165863,-0.0074515491724014,0.2340160459280014,-0.018884202465415,0.1496481597423553,11.479735485872183,344.94705153862856,-0.0168050304055213,0.0435260534286499,0.0115296989679336,0.2110008746385574,-0.0249175913631916,-0.0129307452589273,11.479735485872183,344.94705153862856,0.0250957012176513,-0.025527000427246,0.0342160463333129,-0.0689536035060882,0.1046443954110145,0.030153876170516,11.479735485872183,344.94705153862856,0.0616071447730064,-0.0048349499702453,0.0227747112512588,0.005458956118673,0.1936307251453399,-0.0302347000688314,11.479735485872183,344.94705153862856,0.075364351272583,-0.0211163759231567,-0.0560996532440185,0.3008309006690979,0.2475988864898681,0.0998952016234397,11.479735485872183,344.94705153862856,-0.0334817618131637,0.0867366194725036,0.0179474055767059,0.6012578010559082,0.0809936597943306,0.0147184263914823,11.479735485872183,344.94705153862856,0.1212169528007507,0.0446236729621887,-0.1718710660934448,0.8090349435806274,-0.2000785022974014,-0.153609961271286,11.479735485872183,344.94705153862856,0.089575171470642,-0.0341519117355346,-0.0647095441818237,0.6166378259658813,-0.461974024772644,-0.1553970128297805,11.479735485872183,344.94705153862856,0.1577239334583282,-0.0165494680404663,-0.0940922498703002,0.938255250453949,-0.7965282797813416,-0.0594996102154254,11.479735485872183,344.94705153862856,-0.183032751083374,0.0923560857772827,-0.1733142733573913,3.3021929264068604,-0.5402568578720093,0.2296047210693359,11.479735485872183,344.94705153862856,0.0098807215690612,-0.0093404650688171,-0.042799174785614,1.940792202949524,-1.2461199760437012,1.8306351900100708,11.479735485872183,344.94705153862856,0.0580289512872695,0.1006235480308532,0.1206918358802795,1.0481712818145752,-1.2609039545059204,1.482582688331604,11.479735485872183,344.94705153862856,0.2665480375289917,0.0121628642082214,0.165321946144104,0.1651574075222015,-0.4278551936149597,1.3395533561706543,11.479735485872183,344.94705153862856,-0.0025001764297485,0.091021180152893,0.2124736905097961,-0.8451541662216187,-0.6008211374282837,0.694045901298523,11.479735485872183,344.94705153862856,-0.0117094330489635,-0.0239354968070983,0.2434832453727722,-2.183887958526612,-0.2958537638187408,-0.0979028567671775,11.479735485872183,344.94705153862856,0.1833749115467071,0.3995349407196045,0.0150947570800781,1.451296329498291,1.8902493715286253,-3.028595447540283,11.479735485872183,344.94705153862856,0.1611770838499069,0.1488503813743591,0.1716516017913818,2.1502957344055176,1.8563694953918457,-3.2392795085906982,11.479735485872183,344.94705153862856,-0.283133864402771,-0.131039947271347,0.1563432812690735,0.822344958782196,1.4072185754776,-2.981924533843994,11.479735485872183,344.94705153862856,,,,,,,,,Meal
2023-02-27 19:43:47.624263,0.2616819143295288,0.1004824042320251,-0.0712596774101257,-3.70394229888916,-1.3906497955322266,1.030838966369629,2.713257913022005,204.0251193036774,0.1204384565353393,-0.136320412158966,0.0754669904708862,-2.2383298873901367,-0.817450225353241,0.8999646306037903,2.713257913022005,204.0251193036774,0.1064834594726562,0.1228538751602172,0.028010606765747,-2.001680374145508,-1.2461674213409424,0.8975586295127869,2.713257913022005,204.0251193036774,0.001499056816101,-0.0777060389518737,0.066335916519165,-1.6417421102523804,-1.026520013809204,0.5817562341690063,2.713257913022005,204.0251193036774,0.0343953371047973,0.0621137022972106,-0.0568493604660034,-0.5116939544677734,-0.6796544790267944,0.0853994414210319,2.713257913022005,204.0251193036774,-0.0782724022865295,-0.012192964553833,-0.0967594981193542,-0.4513108432292938,-0.6034212708473206,-0.4467393755912781,2.713257913022005,204.0251193036774,-0.0907224714756012,-0.0129308700561523,-0.0891983360052108,-0.1395147144794464,-0.3142206072807312,-0.3448714911937713,2.713257913022005,204.0251193036774,-0.0384255647659301,-0.0869412422180175,-0.1288393139839172,-0.6064310669898987,-0.3827179074287414,-0.2194354832172393,2.713257913022005,204.0251193036774,0.0555239617824554,0.0009868741035461,-0.1614549160003662,-0.8150932788848877,-0.0991788804531097,-0.0233734063804149,2.713257913022005,204.0251193036774,0.2247034013271331,0.1144334077835083,-0.0601081810891628,-0.5708317756652832,-0.1533382534980774,0.488891988992691,2.713257913022005,204.0251193036774,0.0686822235584259,-0.1131637096405029,0.1223915815353393,-1.5693076848983765,-0.6766161322593689,1.466580152511597,2.713257913022005,204.0251193036774,-0.0135127902030944,-0.0868273973464965,0.1066787838935852,0.3971096575260162,-0.4481882452964782,0.6504634618759155,2.713257913022005,204.0251193036774,-0.0421869158744812,0.038451611995697,0.0458135604858398,0.9010680317878724,-0.039729930460453,0.7032456994056702,2.713257913022005,204.0251193036774,-0.0371286869049072,0.103233516216278,0.0141490697860717,1.5100969076156616,0.2048345357179641,0.5275735855102539,2.713257913022005,204.0251193036774,-0.0612545013427734,-0.0380706787109375,-0.0039190351963043,0.8403565883636475,-0.0254085175693035,0.5503499507904053,2.713257913022005,204.0251193036774,0.0037620663642883,0.0925776362419128,-0.0822042524814605,1.1461979150772097,-0.1322787702083587,0.74720299243927,2.713257913022005,204.0251193036774,0.2150881886482238,0.0145231485366821,0.1887632310390472,0.4360910952091217,0.3108387589454651,1.3256951570510864,2.713257913022005,204.0251193036774,-0.0090277791023254,-0.03715181350708,0.0282202959060668,-0.1122572571039199,0.2510358691215515,0.8142475485801697,2.713257913022005,204.0251193036774,0.0128962993621826,0.0555221140384674,0.032938152551651,-0.4428088366985321,-0.240013763308525,0.8600849509239197,2.713257913022005,204.0251193036774,-0.1270511150360107,0.0705019235610961,-0.0630152523517608,0.2125229090452194,0.269233226776123,0.4794640243053436,2.713257913022005,204.0251193036774,-0.1176527142524719,0.0183325111865997,-0.0290603637695312,0.7604311108589172,0.3416895866394043,0.6132407784461975,2.713257913022005,204.0251193036774,-0.0728585124015808,0.0896498635411262,-0.150020956993103,1.345947504043579,0.6809943914413452,0.4771291613578796,2.713257913022005,204.0251193036774,0.0918335914611816,0.1256403475999832,-0.0890298336744308,2.0214645862579346,0.5383225083351135,0.1763559579849243,2.713257913022005,204.0251193036774,0.126051127910614,0.0779879763722419,-0.0159212797880172,2.1604790687561035,0.4251173734664917,0.3090749084949493,2.713257913022005,204.0251193036774,0.0576450228691101,-0.0253623872995376,0.2907603979110718,1.1043212413787842,0.156538113951683,0.9002214670181274,2.713257913022005,204.0251193036774,0.04625004529953,-0.0132940858602523,0.384108304977417,0.8345286250114441,0.2496656477451324,1.055205464363098,2.713257913022005,204.0251193036774,0.0104593038558959,0.0023609697818756,0.3030155897140503,-0.995388925075531,0.0621160045266151,0.7306485772132874,2.713257913022005,204.0251193036774,0.1955525279045105,0.0534868240356445,0.1064464896917343,-1.176079273223877,-0.4644671082496643,0.7117528319358826,2.713257913022005,204.0251193036774,-0.1130731105804443,0.1478720903396606,-0.127204418182373,0.1266573667526245,-0.3497716784477234,0.6341032385826111,2.713257913022005,204.0251193036774,0.0042676925659179,0.0973129272460937,0.0800415575504303,-0.2616733014583587,-0.6688239574432373,0.2917748689651489,2.713257913022005,204.0251193036774,-0.1031656861305236,0.0699976980686187,0.041990727186203,0.2692444622516632,-0.2526757717132568,0.1556426137685775,2.713257913022005,204.0251193036774,-0.0889999270439148,0.048815906047821,-0.0412052571773529,0.2061015963554382,-0.5708103179931641,-0.1974389553070068,2.713257913022005,204.0251193036774,-0.1223798394203186,-0.0193228721618652,0.0815887451171875,-0.2986890971660614,-0.7632359862327576,-0.3314830958843231,2.713257913022005,204.0251193036774,-0.1801155805587768,-0.0385666191577911,0.0723032653331756,-0.0396438278257846,-0.7618788480758667,-0.1596062928438186,2.713257913022005,204.0251193036774,-0.0380554795265197,-0.0917611718177795,0.043112576007843,-0.2666845917701721,-1.1980327367782593,-0.0388209037482738,2.713257913022005,204.0251193036774,0.1567724347114563,-0.0156415104866027,-0.0310783386230468,-0.1159526854753494,-1.530924916267395,-0.4155952930450439,2.713257913022005,204.0251193036774,0.1192737817764282,-0.0538867115974426,-0.0585527420043945,-0.3096605837345123,-1.5025683641433716,-0.4593678414821625,2.713257913022005,204.0251193036774,0.1318095326423645,0.121768057346344,-0.221996009349823,-0.2804292142391205,-0.6661368608474731,-0.358343631029129,2.713257913022005,204.0251193036774,0.1130959391593933,0.5052216053009033,-0.0819327235221862,0.6495629549026489,-0.320462018251419,-1.0207812786102295,2.713257913022005,204.0251193036774,0.0556563138961792,-0.2641689479351043,0.1110939979553222,0.3861333429813385,-0.5426892042160034,-0.6791325807571411,2.713257913022005,204.0251193036774,0.183034062385559,-0.0277975797653198,-0.0757696628570556,-0.1461540013551712,-1.244020700454712,-0.875345766544342,2.713257913022005,204.0251193036774,0.2470135986804962,0.1332212835550308,-0.0791853070259094,-0.4353842139244079,-1.9403553009033203,-1.3315497636795044,2.713257913022005,204.0251193036774,0.1137235611677169,0.2066348642110824,-0.0629386305809021,-0.2854380011558532,-2.2199923992156982,-1.645512342453003,2.713257913022005,204.0251193036774,0.046940341591835,0.2193308770656585,-0.0387569069862365,-0.636450469493866,-2.837071657180786,-1.8990068435668943,2.713257913022005,204.0251193036774,0.0960711538791656,0.0842339247465133,0.2798817157745361,-1.3171452283859253,-2.256476640701294,-2.482527494430542,2.713257913022005,204.0251193036774,-0.1850413978099823,0.0859267860651016,0.290628969669342,-1.3631778955459597,-0.9778167009353638,-2.609539270401001,2.713257913022005,204.0251193036774,-0.1000570058822631,-0.0855523198843002,0.0843064785003662,-1.731862187385559,0.2040683478116989,-2.2625317573547363,2.713257913022005,204.0251193036774,-0.0007822513580322,-0.0126134604215621,0.0626985430717468,-1.4881718158721924,0.6831126809120178,-1.771050214767456,2.713257913022005,204.0251193036774,0.3727214634418487,-0.0751398578286171,0.0904403924942016,-1.4259068965911863,1.8145310878753664,-1.897993564605713,2.713257913022005,204.0251193036774,0.4196731746196747,-0.3297948837280273,-0.2873046398162842,0.3508854508399963,1.7438982725143433,-0.3204639852046966,2.713257913022005,204.0251193036774,0.0037351250648498,0.0468998253345489,-0.2532783150672912,-0.0190535970032215,-0.2269629389047622,-0.2082326710224151,2.713257913022005,204.0251193036774,-0.011997252702713,-0.1404853463172912,0.063222587108612,-0.3063383996486664,0.1401032209396362,0.4871034622192383,2.713257913022005,204.0251193036774,-0.0752374902367591,-0.1743797361850738,-0.1708453893661499,-0.5069252252578735,-0.3006283640861511,0.1346133053302765,2.713257913022005,204.0251193036774,-0.0996452569961547,-0.0983369201421737,0.1499842405319214,0.718799889087677,0.1132393777370452,0.112550102174282,2.713257913022005,204.0251193036774,0.000758558511734,-0.0215108841657638,0.2592418789863586,0.7997558116912842,0.5492278933525085,-0.1229061558842659,2.713257913022005,204.0251193036774,-0.0113616697490215,0.1523385941982269,-0.216293454170227,0.2139800041913986,0.4644477367401123,-0.0558319129049778,2.713257913022005,204.0251193036774,0.2009795904159546,-0.0893305242061615,0.1085283160209655,-0.070803664624691,0.593205451965332,-0.7584310173988342,2.713257913022005,204.0251193036774,-0.0215938985347747,0.1908925920724868,-0.4027217030525207,-0.1349364817142486,0.1908143311738968,-0.3264972865581512,2.713257913022005,204.0251193036774,0.0728518962860107,-0.1783486157655716,0.0080950856208801,-0.0822214037179946,0.0732453539967536,-0.2162670642137527,2.713257913022005,204.0251193036774,-0.0146324634552001,0.1270075440406799,0.0501306653022766,-0.378494381904602,0.0467029586434364,-0.0207050517201423,2.713257913022005,204.0251193036774,0.0478439927101135,0.0319807566702365,-0.0320824980735778,0.1137117445468902,0.1008463501930236,0.1089430823922157,2.713257913022005,204.0251193036774,-0.0205309689044952,0.0723153501749038,-0.0016848444938659,-0.0127525059506297,0.0792244225740432,0.0912083014845848,2.713257913022005,204.0251193036774,-0.0056132525205612,-0.0179354585707187,-0.0087558031082153,-0.0052672922611236,0.1191055253148078,0.0387846045196056,2.713257913022005,204.0251193036774,0.0013877153396606,0.0220321156084537,-0.0067563652992248,0.1197639107704162,0.1287112683057785,-0.0371611565351486,2.713257913022005,204.0251193036774,0.0034580379724502,-0.0252822488546371,0.0057485103607177,0.0684592872858047,0.1539798825979232,-0.0140860648825764,2.713257913022005,204.0251193036774,0.0188319385051727,0.0087013691663742,0.0115084052085876,0.130209818482399,0.0928227826952934,-0.0478292778134346,2.713257913022005,204.0251193036774,-0.0015373677015304,-0.0227716118097305,-0.0049416422843933,-0.0029833386652171,0.0693832337856292,0.0278805922716856,2.713257913022005,204.0251193036774,0.0265581011772155,-0.0167030692100524,-0.0134177207946777,0.1029507666826248,-0.0336464755237102,0.0287788771092891,2.713257913022005,204.0251193036774,0.0046867132186889,0.0097841918468475,0.0360298752784729,0.2426659017801284,-0.0442932583391666,-0.0743207409977912,2.713257913022005,204.0251193036774,0.0180214345455169,-0.045718178153038,0.0084851384162902,0.2287177592515945,-0.0649053230881691,-0.022451851516962,2.713257913022005,204.0251193036774,0.0296596884727478,0.0152839124202728,-0.0155559182167053,-0.3466313481330871,-0.1691616922616958,0.1520871371030807,2.713257913022005,204.0251193036774,0.0104519575834274,-0.0477115884423255,0.0068342089653015,-0.1081786304712295,-0.0399871952831745,0.1747332215309143,2.713257913022005,204.0251193036774,0.0014907866716384,-0.0157346054911613,-0.0013641715049743,-0.2119322568178177,-0.1330135464668274,0.3455483317375183,2.713257913022005,204.0251193036774,-0.0028977990150451,-0.0141374170780181,0.0110361576080322,-0.0805268660187721,-0.1781123131513595,0.1857069134712219,2.713257913022005,204.0251193036774,0.0037113428115844,-0.0093235820531845,-0.009192943572998,-0.06557297706604,-0.1664130389690399,0.1127915233373642,2.713257913022005,204.0251193036774,-0.0183536559343338,-0.0174962878227233,0.0023412704467773,0.0356922298669815,-0.0569083839654922,-0.0036094551905989,2.713257913022005,204.0251193036774,-0.0301949381828308,-0.0119117349386215,0.0365242362022399,0.0112596992403268,0.0103169893845915,-0.0350295640528202,2.713257913022005,204.0251193036774,0.0533095374703407,0.0368386209011077,-0.0246079564094543,0.0522035658359527,-0.0196864493191242,-0.013239512220025,2.713257913022005,204.0251193036774,-0.000540979206562,0.0013912692666053,-0.0288531184196472,-0.1976435333490371,-0.0873065069317817,0.1288082748651504,2.713257913022005,204.0251193036774,-0.0189980566501617,-0.0165385529398918,0.002138078212738,-0.0153814181685447,-0.0753321349620819,-0.0472089648246765,2.713257913022005,204.0251193036774,0.0282490067183971,-0.0334104374051094,0.000653862953186,-0.0718572661280632,-0.0883542001247406,0.0022692396305501,2.713257913022005,204.0251193036774,0.011405061930418,0.0171257629990577,-0.0016337633132934,0.0546532981097698,-0.0080167446285486,-0.0405785255134105,2.713257913022005,204.0251193036774,-0.0124212130904197,-0.0083086341619491,0.0160480141639709,-0.0030465887393802,-0.0074662687256932,-0.0004817057633772,2.713257913022005,204.0251193036774,-0.0244845747947692,-0.0186939537525177,0.0251155495643615,-0.1157759353518486,0.0599090419709682,-0.0272272005677223,2.713257913022005,204.0251193036774,0.0153698287904262,0.0090525597333908,-0.0269243121147155,-0.0460293963551521,0.0112866461277008,-0.0173463393002748,2.713257913022005,204.0251193036774,0.0219030864536762,0.0160594284534454,-0.0020362138748168,-0.0429392233490943,-0.02497149258852,-0.0111311869695782,2.713257913022005,204.0251193036774,0.0143587887287139,-0.0181528404355049,0.0085852742195129,-0.0618837513029575,-0.0340326316654682,0.00353241013363,2.713257913022005,204.0251193036774,-0.0042768493294715,0.0023799985647201,-0.0121203064918518,-0.0002785789547488,-0.0203959159553051,0.0107360277324914,2.713257913022005,204.0251193036774,-0.0004258453845977,-0.0006119310855865,-0.0042464137077331,-0.0016368444776162,-0.030870396643877,0.0030863641295582,2.713257913022005,204.0251193036774,-0.0008033365011215,0.011197842657566,-0.0066719651222229,-0.0397093966603279,-0.052811112254858,-0.0122628975659608,2.713257913022005,204.0251193036774,-0.0028112344443798,-0.0210439823567867,0.0063111782073974,-0.1073026582598686,-0.0225264448672533,0.0558969154953956,2.713257913022005,204.0251193036774,-0.0049696154892444,-0.0112536512315273,0.0014206171035766,-0.1535540968179702,-0.0179263651371002,0.0144337601959705,2.713257913022005,204.0251193036774,0.0011008717119693,-0.003311775624752,0.0142143368721008,-0.1184774711728096,-0.0560186207294464,0.0057374411262571,2.713257913022005,204.0251193036774,0.0020672194659709,0.001936761662364,-0.0036203861236572,-0.0696068704128265,-0.0447100438177585,-0.0140633611008524,2.713257913022005,204.0251193036774,-0.0004482623189687,-0.003401031717658,0.0014752149581909,-0.0297142583876848,-0.0129068410024046,-0.0051756603643298,2.713257913022005,204.0251193036774,0.0054021719843149,-0.0027308934368193,0.0141228437423706,-0.0499688759446144,-0.0236758664250373,0.001101343659684,2.713257913022005,204.0251193036774,-4.6875327825546265e-05,-0.0099228918552398,0.0002060532569885,-0.0197549164295196,-0.006660396233201,-0.0026177272666245,2.713257913022005,204.0251193036774,0.0001231953501701,-0.0003839153796434,0.0012577176094055,-0.0264666136354208,0.0092397406697273,-0.0045416615903377,2.713257913022005,204.0251193036774,0.0090756490826606,-0.0013993280008435,0.0077826380729675,-0.0165057256817817,-0.0045535694807767,0.0030206837691366,2.713257913022005,204.0251193036774,-0.0006661470979452,-0.0088672209531068,0.0061731338500976,-0.0276035703718662,0.0005232146941125,-0.0071056196466088,2.713257913022005,204.0251193036774,CognitiveActivity
2023-02-28 16:34:12.725748,0.0752210319042205,-0.1045399159193039,0.0324998497962951,-0.2458989471197128,0.0759339779615402,0.1564158648252487,13.746927834763142,149.2189427566792,0.0442304909229278,0.0356982424855232,0.0256105661392211,-0.8687438368797302,-0.1291057169437408,-0.598227858543396,13.746927834763142,149.2189427566792,0.0208019465208053,0.0146951451897621,0.0100018382072448,-0.2503786981105804,-0.0781586468219757,-0.2660745978355407,13.746927834763142,149.2189427566792,0.0178254544734954,-0.0508166477084159,0.0026090741157531,-0.100158117711544,-0.4623388051986694,-0.0179955828934907,13.746927834763142,149.2189427566792,0.0105950683355331,-0.1520016491413116,-0.0942724347114563,0.2544347941875458,-0.8663773536682129,0.2242011725902557,13.746927834763142,149.2189427566792,-0.0665522590279579,-0.0579663515090942,0.2224752306938171,1.5706360340118408,-0.1114899739623069,0.9913558959960938,13.746927834763142,149.2189427566792,0.0439359918236732,0.3138865232467651,0.1909458637237548,-0.6095201969146729,0.3075626790523529,0.3656339049339294,13.746927834763142,149.2189427566792,0.0546435602009296,-0.1402646005153656,0.1516971588134765,-0.6722694039344788,-0.3483709692955017,0.2962234616279602,13.746927834763142,149.2189427566792,-0.0136585645377635,0.0463886559009552,-0.076258361339569,0.4110738039016723,0.006762099917978,0.1209234222769737,13.746927834763142,149.2189427566792,0.0442327372729778,-0.0886034816503524,0.0205619931221008,-0.3403534293174743,-0.249177798628807,0.0109974183142185,13.746927834763142,149.2189427566792,-0.0064127817749977,0.0225901752710342,-0.0033391118049621,-0.1583579182624817,0.0036094498354941,-0.0371287614107131,13.746927834763142,149.2189427566792,0.0051944404840469,0.0292266011238098,-0.0037082433700561,0.3136813640594482,0.0039553944952785,-0.2912832498550415,13.746927834763142,149.2189427566792,0.0403166636824607,0.0264285057783126,-0.0263264179229736,0.0452766306698322,0.0038134481292217,-0.4678301215171814,13.746927834763142,149.2189427566792,-0.0250099394470453,-0.1190739721059799,0.0212823748588562,0.1190717816352844,0.0242252442985773,-0.0927623361349105,13.746927834763142,149.2189427566792,-0.029829729348421,0.0375822186470031,-0.0043071508407592,-0.0051724021323025,0.0525777898728847,0.0312788560986518,13.746927834763142,149.2189427566792,0.0249967090785503,0.0218494236469268,-0.0115580558776855,0.1437989622354507,0.0553818345069885,0.0146685866639018,13.746927834763142,149.2189427566792,0.006749290972948,0.0079584419727325,0.0009244680404663,0.0781571939587593,0.032537505030632,-0.0141055705025792,13.746927834763142,149.2189427566792,0.0035562948323786,-0.004500538110733,0.0048838853836059,0.0396545343101024,-0.0202695168554782,-0.0215706788003444,13.746927834763142,149.2189427566792,-0.0049159098416566,-0.0137161910533905,0.0057290196418762,-0.0573326237499713,-0.0198577940464019,-0.0166516192257404,13.746927834763142,149.2189427566792,-0.014064303599298,-0.0183755308389663,-0.0069074034690856,-0.030296504497528,-0.0141541007906198,0.0072205895557999,13.746927834763142,149.2189427566792,0.0102627351880073,0.016937032341957,0.0008789300918579,-0.0951396822929382,-0.0444859080016613,-0.0256390888243913,13.746927834763142,149.2189427566792,-0.0004184348508715,-0.0195451229810714,0.0117528438568115,-0.0943466946482658,-0.0011147311888635,0.0263596642762422,13.746927834763142,149.2189427566792,-0.0026778532192111,0.0157286673784255,0.0035443305969238,0.0502599105238914,0.0557333715260028,-0.0041256742551922,13.746927834763142,149.2189427566792,-0.0040251724421978,0.0110858678817749,0.0028607249259948,-0.5453329682350159,-0.0881875827908515,-0.0743282660841941,13.746927834763142,149.2189427566792,-0.0086981784552335,-0.0048463493585586,-0.006929874420166,0.0444870293140411,0.0606255978345871,0.0607819519937038,13.746927834763142,149.2189427566792,-0.0062418524175882,-0.0542098432779312,0.0058515667915344,-0.1353930234909057,0.0125198541209101,0.0740671008825302,13.746927834763142,149.2189427566792,-0.0009500682353973,0.0010989010334014,0.0038474798202514,-0.0511879660189151,0.0141923185437917,0.0412277281284332,13.746927834763142,149.2189427566792,-0.0022513661533594,0.0072535872459411,0.0028275847434997,0.0004735789261758,0.0016642771661281,0.0515348240733146,13.746927834763142,149.2189427566792,0.0140156485140323,-0.0021337419748306,0.0072970986366271,-0.0447263345122337,-0.0704234987497329,-0.0150448009371757,13.746927834763142,149.2189427566792,0.0048713255673646,0.0182546377182006,-0.0021939277648925,-0.0015566819347441,-0.0050277146510779,-0.0142530761659145,13.746927834763142,149.2189427566792,0.0076982229948043,0.069890558719635,-0.0007358193397521,0.1310555338859558,-0.0387928672134876,-0.0475501157343387,13.746927834763142,149.2189427566792,-0.0102684702724218,-0.0024731755256652,0.0062726140022277,-0.0921575054526329,-0.0104443188756704,0.0007434161379933,13.746927834763142,149.2189427566792,-0.0060589024797081,0.0012753456830978,0.0036580562591552,-0.0210134703665971,0.0023921192623674,0.0138545241206884,13.746927834763142,149.2189427566792,0.0044652968645095,0.0232775658369064,-0.0007408857345581,0.0109957279637455,0.001774531789124,0.0082434769719839,13.746927834763142,149.2189427566792,0.0016935486346483,-0.0007371976971626,0.0018354654312133,-0.1692138910293579,-0.0026500434614717,0.0689148753881454,13.746927834763142,149.2189427566792,0.0008307667449116,0.0347792580723762,-0.0031538605690002,0.1828409135341644,0.0342331379652023,-0.0073816552758216,13.746927834763142,149.2189427566792,0.0057338420301675,0.0106820538640022,-0.0007123351097106,0.0349135771393775,0.0053748590871691,-0.0083951540291309,13.746927834763142,149.2189427566792,0.0041053686290979,-0.0069973096251487,9.745359420776369e-05,0.0286227371543645,-0.0129684619605541,0.0067627923563122,13.746927834763142,149.2189427566792,0.008838715031743,-0.010221391916275,0.0032364726066589,-0.0547154285013675,-0.002255895640701,-0.0012977636652067,13.746927834763142,149.2189427566792,0.0077894311398267,-0.0240058600902557,0.007896065711975,-0.0445952266454696,-0.0342702902853488,-0.0436905957758426,13.746927834763142,149.2189427566792,0.0002960264682769,0.0266431421041488,0.0005450248718261,0.0145518211647868,0.0003532022237777,-0.003178188111633,13.746927834763142,149.2189427566792,-0.0017032288014888,0.0011673793196678,0.0066592097282409,0.0046662734821438,0.0116865513846278,0.0114054139703512,13.746927834763142,149.2189427566792,0.0074323695152997,-0.0002193376421928,0.0028055906295776,-0.0327748954296112,-0.0030292780138552,-0.0234385188668966,13.746927834763142,149.2189427566792,0.001944369636476,-0.0107006356120109,0.0037716627120971,0.0312811061739921,0.0388270914554595,0.0196460336446762,13.746927834763142,149.2189427566792,0.0026779789477586,-0.0119555070996284,0.0062370300292968,-0.0686191841959953,0.0304045788943767,0.0358698107302188,13.746927834763142,149.2189427566792,0.0079902336001396,0.0444663986563682,-0.0024531483650207,0.1722236275672912,-0.0371467694640159,-0.0474592335522174,13.746927834763142,149.2189427566792,-0.0067897480912506,0.0178793892264366,0.0014444589614868,0.0081086484715342,0.0122860288247466,0.0166378952562809,13.746927834763142,149.2189427566792,0.0015620859339833,0.0114630833268165,0.0020974278450012,-0.0421860553324222,-0.0029416601173579,0.01583082228899,13.746927834763142,149.2189427566792,0.006450024433434,0.0229191556572914,-0.0002692937850952,0.0385839976370334,-0.0064114923588931,0.0009592655114829,13.746927834763142,149.2189427566792,0.0122370710596442,-0.006669670343399,0.0049172043800354,-0.0474459566175937,-0.039492480456829,0.0419269390404224,13.746927834763142,149.2189427566792,-0.0073861861601471,0.0690514519810676,-0.0031341910362243,0.1558322310447693,-0.0168529488146305,-0.0124759152531623,13.746927834763142,149.2189427566792,-0.0032221851870417,0.004525177180767,0.0051410794258117,-0.0126807056367397,-0.0147951245307922,-0.008391193114221,13.746927834763142,149.2189427566792,0.0019059916958212,-0.0083261579275131,0.0075910091400146,-0.0161057710647583,0.0057532940991222,0.0074379369616508,13.746927834763142,149.2189427566792,-0.0001754923723638,0.0094147324562072,-0.0016131401062011,0.0068920366466045,0.0112244924530386,0.0112851066514849,13.746927834763142,149.2189427566792,0.0383153110742569,0.0253228321671485,0.0024231672286987,-0.0831850990653038,-0.0209464933723211,0.0171517506241798,13.746927834763142,149.2189427566792,-0.0021473644301295,0.0182483568787574,0.0015443563461303,-0.008319885469973,0.0820493996143341,-0.0064683239907026,13.746927834763142,149.2189427566792,-0.0082039898261427,-0.0075825154781341,0.0052527785301208,-0.0025435429997742,-0.0256395135074853,0.0029914905317127,13.746927834763142,149.2189427566792,0.0028487425297498,0.0002785697579383,0.0035903453826904,-0.0728664919734001,-0.0025123585946857,0.0194219294935464,13.746927834763142,149.2189427566792,-0.0004334449768066,0.0050601512193679,0.0028682947158813,0.0325782522559165,-0.0243444200605154,-0.0156211759895086,13.746927834763142,149.2189427566792,-0.010313712991774,0.0211635679006576,0.000970721244812,0.0820660442113876,-0.0009509469382464,-0.0317730158567428,13.746927834763142,149.2189427566792,0.0120888259261846,-0.0165751352906227,0.0050314664840698,-0.0606337413191795,-0.024287961423397,-0.0050113089382648,13.746927834763142,149.2189427566792,-0.0028894338756799,0.0115967243909835,0.003142774105072,0.0252453703433275,0.0085916919633746,-0.0027357707731425,13.746927834763142,149.2189427566792,-0.0028150919824838,0.0100480467081069,0.0046255588531494,0.0238524582237005,0.0147385336458683,-0.002150974003598,13.746927834763142,149.2189427566792,0.0010816380381584,0.0053258836269378,0.003425657749176,0.0616455897688865,0.0238436162471771,0.0078595820814371,13.746927834763142,149.2189427566792,-0.0049825645983219,0.0208993852138519,0.0016220808029174,0.00625980226323,0.0200014729052782,0.0194794535636901,13.746927834763142,149.2189427566792,0.0052273925393819,-0.0159733965992927,0.0077474117279052,0.0131083605810999,0.0079645169898867,0.027849867939949,13.746927834763142,149.2189427566792,0.008405371569097,-0.0186812728643417,0.0061892867088317,-0.0120826661586761,-0.0175869148224592,0.0182617232203483,13.746927834763142,149.2189427566792,0.0010430943220853,0.0114472359418869,-0.0030634403228759,0.034235805273056,-0.0065869945101439,-0.0002769073471426,13.746927834763142,149.2189427566792,0.0055287154391407,-0.005844123661518,0.0012179613113403,-0.0766849815845489,-0.0257620196789503,0.0035500884987413,13.746927834763142,149.2189427566792,0.0016434602439403,-0.0097810551524162,0.0063596963882446,-0.0170653890818357,-0.0115937367081642,0.0020081182010471,13.746927834763142,149.2189427566792,-0.0018657092005014,0.0136485695838928,-0.0024207234382629,0.0269949361681938,0.0029577747918665,-0.0026728867087513,13.746927834763142,149.2189427566792,-0.007905226200819,-0.0435996279120445,0.0158450603485107,-0.0036819111555814,0.029947580769658,0.0257577560842037,13.746927834763142,149.2189427566792,0.0007370095700025,0.015084221959114,0.0026325583457946,0.0193736869841814,-0.0062716766260564,-0.000151572516188,13.746927834763142,149.2189427566792,0.0036068223416805,-0.003652773797512,0.0053951144218444,-0.000848387600854,-0.0005032699555158,0.0083142835646867,13.746927834763142,149.2189427566792,-0.0101137505844235,-0.0009021908044815,0.0013144612312316,0.0773259624838829,0.0098923798650503,0.0243845619261264,13.746927834763142,149.2189427566792,-0.002083437051624,0.0006895139813423,0.0071101784706115,0.0027461075223982,0.000744953751564,0.0070320721715688,13.746927834763142,149.2189427566792,0.0002799807116389,-0.0038956031203269,0.0014999508857727,0.0084079345688223,7.756566628813744e-05,0.002112480578944,13.746927834763142,149.2189427566792,-0.0146031379699707,0.037148967385292,-0.0036101341247558,0.1418459415435791,0.0158780999481678,0.0058940360322594,13.746927834763142,149.2189427566792,0.0251289382576942,-0.0271317809820175,0.0152194499969482,-0.0539556816220283,-0.0077156419865787,-0.0041530053131282,13.746927834763142,149.2189427566792,0.0166800990700721,0.0149724781513214,0.0026821494102478,-0.0331311486661434,-0.0718320459127426,-0.0533320009708404,13.746927834763142,149.2189427566792,0.0015228688716888,0.0055253505706787,0.0088115334510803,0.0086955297738313,-0.0004902202636003,0.0001562889665365,13.746927834763142,149.2189427566792,0.0035051070153713,-0.0027376562356948,0.0049322247505187,-0.0206777788698673,-0.0066256108693778,-0.0016833893023431,13.746927834763142,149.2189427566792,-0.0009418237023055,0.0007735639810562,0.0088414549827575,-0.0143503742292523,0.0017321878112852,0.0006213767919689,13.746927834763142,149.2189427566792,0.000289125367999,0.0094052255153656,0.0020149946212768,0.0249564982950687,0.0012216595932841,0.0003159788902848,13.746927834763142,149.2189427566792,4.707975313067436e-05,0.0055969506502151,0.0031026005744934,-0.0025755541864782,0.0018773297779262,0.0005973083898425,13.746927834763142,149.2189427566792,0.0005188598297536,0.001933179795742,0.0077687501907348,-0.0024398660752922,0.0034549869596958,-0.0013301876606419,13.746927834763142,149.2189427566792,-7.693655788898468e-05,0.0047620087862014,0.0028201341629028,0.0115808779373765,-0.0035078483633697,0.0018532888498157,13.746927834763142,149.2189427566792,-0.0037063644267618,0.000446505844593,0.0030969977378845,0.0223888102918863,0.0092641394585371,0.0114325126633048,13.746927834763142,149.2189427566792,-0.0038338210433721,-0.0025339126586914,0.0023480653762817,0.033965066075325,0.0039263665676116,0.0239556618034839,13.746927834763142,149.2189427566792,0.0037461537867784,-0.0030166581273078,-0.0008710026741027,0.0171500537544488,-0.0098184738308191,0.0053057773038744,13.746927834763142,149.2189427566792,0.0040334220975637,-0.0073398798704147,0.00440114736557,-0.0059523889794945,0.0052275867201387,0.019713744521141,13.746927834763142,149.2189427566792,-0.0042417328804731,-0.0220959857106208,0.0101145505905151,-0.0110868569463491,0.0230188351124525,0.0257912129163742,13.746927834763142,149.2189427566792,0.0028786957263946,0.0068257078528404,0.0075196623802185,0.0030366049613803,0.010970426723361,0.0105376569554209,13.746927834763142,149.2189427566792,-0.0068116160109639,-0.000317245721817,-0.0008346438407897,-0.0423389226198196,0.0526899099349975,0.0576312020421028,13.746927834763142,149.2189427566792,-0.0072038173675537,0.021433338522911,0.0022310018539428,-0.0126901073381304,0.0302453227341175,0.0392589829862117,13.746927834763142,149.2189427566792,0.0091676004230976,0.0077098608016967,-0.0003483891487121,0.0361548513174057,-0.0564941018819808,-0.0107763204723596,13.746927834763142,149.2189427566792,0.0082194730639457,-0.0071386620402336,0.0076846480369567,-0.0121964896097779,-0.008919658139348,-0.0011744926450774,13.746927834763142,149.2189427566792,0.0062673706561326,-0.0212128162384033,0.0068007707595825,-0.0745644494891166,-0.0104339309036731,-0.002353373914957,13.746927834763142,149.2189427566792,0.010967968031764,0.0089193433523178,0.003491997718811,0.0131527557969093,-0.0424757525324821,-0.0362597778439521,13.746927834763142,149.2189427566792,-0.0060313884168863,0.0029659643769264,0.0014634728431701,-0.01209909748286,-0.0158159118145704,-0.0073282252997159,13.746927834763142,149.2189427566792,Work
2023-03-01 13:29:42.698202,0.0136152505874633,0.0017592906951904,-0.0038260221481323,0.0005323183722794,-0.0429811477661132,0.0022537726908922,12.248317356552876,164.48739182981103,-0.0022563934326171,-0.0018185377120971,0.0015266090631484,0.0121451653540134,-0.0407595373690128,-0.0068745110183954,12.248317356552876,164.48739182981103,0.0122366547584533,0.0012152194976806,0.0035240650177001,-0.007935095578432,0.0183056481182575,-0.0001340834423899,12.248317356552876,164.48739182981103,0.0139722228050231,0.0105267763137817,-0.0041037797927856,0.016405077651143,0.0156158544123172,-0.0157983303070068,12.248317356552876,164.48739182981103,0.0009438395500183,0.0014437437057495,0.0045364946126937,0.1672464460134506,0.0814989954233169,-0.0065904846414923,12.248317356552876,164.48739182981103,0.0129256844520568,0.0110547542572021,0.0270934030413627,0.5242293477058411,0.1690701246261596,-0.0034030475653707,12.248317356552876,164.48739182981103,0.033305287361145,0.0664871931076049,0.0560924410820007,2.049003839492798,0.2579986453056335,-0.0232429318130016,12.248317356552876,164.48739182981103,0.007178783416748,-0.0121907591819763,0.0206905603408813,1.098097562789917,0.3635671734809875,-0.0653298646211624,12.248317356552876,164.48739182981103,0.005089521408081,0.024268090724945,0.0030305683612823,1.2547705173492432,0.3614555597305298,-0.1156838834285736,12.248317356552876,164.48739182981103,0.0043111443519592,-0.0148549079895019,0.0116575062274932,0.7789206504821777,0.2596412897109985,-0.1308574825525283,12.248317356552876,164.48739182981103,0.0287096500396728,-0.0304250121116638,-0.0130959153175354,0.3877672851085663,0.212584838271141,0.1156523004174232,12.248317356552876,164.48739182981103,0.0067989230155944,0.0021071434020996,-0.0115357339382171,0.0197399426251649,0.3484635949134826,-0.1926437467336654,12.248317356552876,164.48739182981103,0.0300589203834533,0.0053925514221191,-0.0192140936851501,-0.0545823574066162,-0.1329006552696228,-0.0406016483902931,12.248317356552876,164.48739182981103,0.0071943402290344,0.0042082071304321,0.0028684139251708,-0.0843628123402595,-0.1292161643505096,0.1997310370206833,12.248317356552876,164.48739182981103,-0.0024513304233551,-0.0072990655899047,0.0064512491226196,-0.209313690662384,0.0837704017758369,-0.0220022313296794,12.248317356552876,164.48739182981103,0.0025284886360168,0.0128761529922485,0.0059325098991394,-0.008787945844233,0.0733744874596595,0.0537167638540267,12.248317356552876,164.48739182981103,0.0027107298374176,0.0102968215942382,-0.005999743938446,-0.0098410667851567,0.0663858279585838,0.0320355035364627,12.248317356552876,164.48739182981103,-0.0028767585754394,0.0196253061294555,0.0034696161746978,-0.1405500471591949,0.0536607094109058,-0.0128266094252467,12.248317356552876,164.48739182981103,0.0083287060260772,0.0161462426185607,1.576542854309082e-05,-0.0944680199027061,0.079004943370819,-0.1175163686275482,12.248317356552876,164.48739182981103,0.009195476770401,0.0228064060211181,-0.0202395617961883,0.0603210851550102,0.0855432748794555,-0.1115115359425544,12.248317356552876,164.48739182981103,0.0275665819644927,-0.0091283321380615,-0.0113157629966735,-0.0166481863707304,-0.0047695776447653,-0.0663013532757759,12.248317356552876,164.48739182981103,0.0139466524124145,-0.0167693495750427,0.0249773561954498,-0.4765620231628418,-0.0518345572054386,-0.0713888257741928,12.248317356552876,164.48739182981103,-0.0044219493865966,-0.0315390825271606,-0.0052915513515472,-1.3017131090164185,-0.0987352281808853,-0.0014406968839466,12.248317356552876,164.48739182981103,-0.0097195506095886,-0.0018216371536254,-0.0022721588611602,-0.9525911808013916,-0.0362412184476852,0.0481252558529377,12.248317356552876,164.48739182981103,0.0019164085388183,0.0173653960227966,-0.0089649409055709,-0.417697012424469,-0.0366428196430206,1.934776082634926e-05,12.248317356552876,164.48739182981103,-0.0047780871391296,0.0320925116539001,-0.0031030625104904,-0.0180563870817422,0.0201655998826026,-0.0529456995427608,12.248317356552876,164.48739182981103,-0.0046147108078002,0.0263663530349731,0.0086932182312011,0.3031247556209564,0.120221622288227,-0.1914509534835815,12.248317356552876,164.48739182981103,-0.0067731142044067,0.041910171508789,0.0137455463409423,0.5822265148162842,0.1384863853454589,-0.2886619865894317,12.248317356552876,164.48739182981103,-0.0147824883460998,0.0841336846351623,-0.009322851896286,0.6194646954536438,0.2438269257545471,-0.5717960000038147,12.248317356552876,164.48739182981103,-0.0114095211029052,0.0479639768600463,0.0410278141498565,0.0408696234226226,0.3415766358375549,-0.995439887046814,12.248317356552876,164.48739182981103,0.001760721206665,0.0747896432876586,0.0226176977157592,0.6130116581916809,0.5224710702896118,-1.2551815509796145,12.248317356552876,164.48739182981103,0.0693376064300537,-0.0160920619964599,-0.0025290846824645,0.170328289270401,0.2755813598632812,-0.9242678880691528,12.248317356552876,164.48739182981103,0.060275912284851,0.0144533216953277,0.0049694776535034,0.7045633792877197,0.2261083722114563,-0.7072579264640808,12.248317356552876,164.48739182981103,0.0421969294548034,-0.0858597457408905,0.024633765220642,0.0927419811487197,0.089677557349205,-0.2836305797100067,12.248317356552876,164.48739182981103,-0.0107778310775756,0.076608121395111,-0.0107836723327636,0.5753122568130493,0.1700054258108139,-0.4033194482326507,12.248317356552876,164.48739182981103,0.0136559009552001,0.028324007987976,-0.0004258155822753,0.2884061932563782,0.1234251409769058,-0.3436044156551361,12.248317356552876,164.48739182981103,-0.007207453250885,0.0840288996696472,-0.0060361623764038,0.675139844417572,0.1292252391576767,-0.3969837725162506,12.248317356552876,164.48739182981103,0.0234567523002624,-0.0154076218605041,0.0342487096786499,0.407836377620697,0.0467620566487312,-0.2727967202663421,12.248317356552876,164.48739182981103,0.0130773186683654,0.0416233390569686,0.0312907099723815,0.2841901481151581,0.0128261931240558,-0.2318224757909774,12.248317356552876,164.48739182981103,0.0522190928459167,-0.0139611437916755,-0.0333951115608215,0.350195437669754,-0.0538814663887023,-0.2296614497900009,12.248317356552876,164.48739182981103,0.0195440649986267,-0.0112978816032409,0.0139386653900146,0.2139139920473098,-0.0148831997066736,-0.1453880816698074,12.248317356552876,164.48739182981103,0.0074274539947509,0.0461124405264854,0.0209184288978576,0.2600487470626831,-0.0086926817893981,-0.125689148902893,12.248317356552876,164.48739182981103,-0.0001282691955566,-0.0168115496635437,0.0419371128082275,0.1450363546609878,0.0586493425071239,-0.1416912823915481,12.248317356552876,164.48739182981103,0.0022742748260498,0.021580547094345,0.0117462277412414,0.231237456202507,0.0217770785093307,-0.1187567040324211,12.248317356552876,164.48739182981103,0.0314310789108276,0.0294551253318786,0.0164246559143066,0.4281992614269256,-0.0193437281996011,-0.1183511018753051,12.248317356552876,164.48739182981103,0.0235800743103027,0.0089637339115142,-0.0030759572982788,0.2069397121667862,-0.0916733145713806,-0.0755512118339538,12.248317356552876,164.48739182981103,0.0061516165733337,-0.0090546011924743,-0.0206134915351867,0.1021634191274643,-0.0948251709342002,-0.0558399260044097,12.248317356552876,164.48739182981103,0.0026247501373291,0.0047624111175537,-0.0210098028182983,0.2109924554824829,-0.1276563555002212,-0.079332634806633,12.248317356552876,164.48739182981103,0.0077441334724426,0.0093981176614761,-0.0010645389556884,0.3191412985324859,-0.1106661856174469,-0.0689622163772583,12.248317356552876,164.48739182981103,0.0055600404739379,0.0161604359745979,0.0184027552604675,0.1314144879579544,-0.1748725920915603,-0.0788792967796325,12.248317356552876,164.48739182981103,0.0089499354362487,0.0238639712333679,0.0210037231445312,0.0936398357152938,-0.0698532462120056,-0.0590593814849853,12.248317356552876,164.48739182981103,0.0160367488861084,0.0063183456659317,0.0248288512229919,3.7716119550168514e-05,0.0116517385467886,-0.0511130467057228,12.248317356552876,164.48739182981103,0.0089881420135498,-0.001502126455307,0.0026180148124694,-0.0592122934758663,-0.0107395853847265,-0.0102620851248502,12.248317356552876,164.48739182981103,-0.0044948458671569,0.0035851597785949,-0.0051361918449401,-0.0304363034665584,-0.0070404540747404,-0.0086942818015813,12.248317356552876,164.48739182981103,0.0079971551895141,-0.0139445960521698,0.0009756088256835,0.024630969390273,0.0105068460106849,-0.0099636446684598,12.248317356552876,164.48739182981103,0.0092191696166992,-0.0004074424505233,-0.0019741058349609,0.0353283286094665,0.0034084562212228,-0.0404002144932746,12.248317356552876,164.48739182981103,0.0051741600036621,0.0033876895904541,0.004425823688507,-0.0642748847603797,0.0010001612827181,0.0127437319606542,12.248317356552876,164.48739182981103,0.0153519511222839,0.0069924294948577,-0.0076626539230346,-0.0241915620863437,-0.0464802756905555,0.0077159167267382,12.248317356552876,164.48739182981103,-0.0176038742065429,-0.0186050906777381,-0.0204612016677856,-0.1003920584917068,-0.0965255945920944,0.0234850253909826,12.248317356552876,164.48739182981103,0.0205318927764892,0.0199825465679168,0.0229260921478271,-0.0966235771775245,-0.0935700163245201,0.0283531490713357,12.248317356552876,164.48739182981103,0.0049077272415161,-0.0035659074783325,0.0119394659996032,-0.2796944081783294,0.0192239060997962,0.0995354875922203,12.248317356552876,164.48739182981103,0.0427518486976623,-0.0093420147895812,0.0334246754646301,-0.7473065257072449,0.0827102065086364,0.3612790703773498,12.248317356552876,164.48739182981103,-0.0720382928848266,0.1906196177005767,-0.1491152644157409,0.2517202794551849,0.0466507375240325,0.2753799557685852,12.248317356552876,164.48739182981103,0.0770379900932312,0.0184005796909332,-0.0697913169860839,-0.9404061436653136,-0.1519523710012436,0.6388357877731323,12.248317356552876,164.48739182981103,-0.0012394189834594,0.0240073353052139,0.0675327777862548,-1.9257051944732664,0.0141958575695753,0.6206726431846619,12.248317356552876,164.48739182981103,0.1130197048187255,-0.2476891279220581,-0.1332022547721862,-1.8236619234085083,-0.488616943359375,0.8784303665161133,12.248317356552876,164.48739182981103,0.0471280217170715,-0.0927585959434509,0.0279573500156402,-0.9658790826797484,-0.660252571105957,1.1092230081558228,12.248317356552876,164.48739182981103,-0.013651967048645,-0.0051615238189697,0.0669389516115188,-1.039139747619629,-0.4286614656448364,1.1287423372268677,12.248317356552876,164.48739182981103,-0.0261534452438354,-0.0854434967041015,0.1112238764762878,-0.463590145111084,-0.3749878406524658,0.9398961067199708,12.248317356552876,164.48739182981103,-0.0176101326942443,-0.0385689735412597,0.0569305494427681,-0.1195176541805267,-0.4456143379211426,0.9506611824035645,12.248317356552876,164.48739182981103,-0.0154329538345336,0.0016661882400512,0.0738281533122062,-0.3950434625148773,-0.4363236427307129,0.9825122356414796,12.248317356552876,164.48739182981103,-0.0440927147865295,0.0045989751815795,0.0338610410690307,-0.2942475080490112,-0.1848996728658676,0.7715659737586975,12.248317356552876,164.48739182981103,-0.0260522365570068,-0.0680404901504516,0.1125668287277221,-0.0591511987149715,0.2237453609704971,0.3441484570503235,12.248317356552876,164.48739182981103,-0.0170375108718872,-0.0232856273651123,0.1162606477737426,0.029401171952486,0.4441775679588318,0.4326653182506561,12.248317356552876,164.48739182981103,-0.0094737410545349,-0.0036985278129577,0.0078460574150085,0.9192520380020142,0.3351683020591736,0.4298285543918609,12.248317356552876,164.48739182981103,0.0272022187709808,0.0326150059700012,-0.0277099609375,0.4224911332130432,0.1916571855545044,0.4717498421669006,12.248317356552876,164.48739182981103,0.0504037290811538,-0.0040098428726196,-0.0008020848035812,-0.310185968875885,0.3010110855102539,0.5757902264595032,12.248317356552876,164.48739182981103,0.0760208666324615,0.0455328226089477,0.0182553529739379,-1.1576565504074097,0.1825161576271057,0.42707559466362,12.248317356552876,164.48739182981103,0.0836015790700912,0.0286664962768554,-0.1028631925582885,-0.6115122437477112,0.0379949286580085,0.3962434232234955,12.248317356552876,164.48739182981103,-0.0201582387089729,0.0354874730110168,0.0605683922767639,-0.0074081625789403,0.2412654906511306,0.3574954867362976,12.248317356552876,164.48739182981103,-0.0675463452935218,0.0743120312690734,-0.0101064518094062,1.099347472190857,0.482820600271225,0.3345851898193359,12.248317356552876,164.48739182981103,-0.0442967638373374,-0.1405893564224243,-0.0548615977168083,-0.337666779756546,0.5253374576568604,0.4518598318099975,12.248317356552876,164.48739182981103,-0.0272700078785419,0.0380268692970275,-0.1437467336654663,-0.2010304927825927,0.5113174915313721,0.1814895421266555,12.248317356552876,164.48739182981103,-0.0064226761460304,0.0337377190589904,0.0069851875305175,-0.6658170819282532,0.4077170789241791,-0.099855750799179,12.248317356552876,164.48739182981103,0.0006283111870288,0.010314404964447,-0.0168985165655612,-1.0267095565795898,-0.3543414175510406,0.0592837370932102,12.248317356552876,164.48739182981103,0.0607851520180702,0.082636535167694,-0.0489437580108642,-0.1221293658018112,0.0883342698216438,0.5437717437744141,12.248317356552876,164.48739182981103,0.0134841799736022,-0.0344495773315429,0.0361248403787612,-1.1310330629348757,0.3537928462028503,0.2945249080657959,12.248317356552876,164.48739182981103,0.1026555225253105,-0.0686163306236267,0.06283900141716,-2.768181562423706,-0.1473054140806198,0.2726684212684631,12.248317356552876,164.48739182981103,-0.0121969878673553,0.1904067993164062,-0.0556464195251464,-0.4474054276943207,-0.3936595320701599,0.0018803644925355,12.248317356552876,164.48739182981103,-0.019174113869667,-0.0870964527130127,-0.0060774683952331,0.3487191498279571,-0.2410707920789718,0.1185767203569412,12.248317356552876,164.48739182981103,0.0215179473161697,0.0382716655731201,0.3284832835197449,2.085686683654785,0.0842231437563896,-0.0614225417375564,12.248317356552876,164.48739182981103,-0.0520060956478118,-0.0649662017822265,0.0577398240566253,0.9283453226089478,-0.1075649335980415,-0.1926229447126388,12.248317356552876,164.48739182981103,0.0803416669368743,0.088117241859436,0.0326521694660186,1.0876617431640625,0.0045115384273231,-0.1875160336494445,12.248317356552876,164.48739182981103,-0.007585123181343,-0.0102772712707519,0.0350540801882743,1.6615350246429443,0.1647683233022689,-0.0690499022603035,12.248317356552876,164.48739182981103,-0.0040338337421417,-0.1091837882995605,0.0216575842350721,-0.3166953325271606,-0.0635689795017242,0.2935703694820404,12.248317356552876,164.48739182981103,-0.0005178600549697,-0.0361514687538147,0.0016503352671861,0.139958769083023,-0.2179675996303558,0.1337883621454239,12.248317356552876,164.48739182981103,-0.0214572101831436,-0.0288050174713134,0.0846661329269409,0.1053029894828796,0.0488627590239048,0.035033356398344,12.248317356552876,164.48739182981103,0.0400811433792114,-0.0027573108673095,-0.0110079105943441,0.0022650510072708,0.3087667822837829,-0.2267922312021255,12.248317356552876,164.48739182981103,0.0190840810537338,0.0170937776565551,-0.0882931947708129,-0.0219866000115871,-0.0171074699610471,-0.4606012105941772,12.248317356552876,164.48739182981103,,,,,,,,,Meal
2023-03-01 16:04:02.686066,-0.0007132478058338,-0.0061160922050476,0.0085435509681701,-0.0459822341799736,-0.0051174042746424,0.0287482496351003,13.14681578096162,153.91201672179045,-0.0015419796109199,0.0041367411613464,0.0084306001663208,0.0059781717136502,0.0004019970074295,0.0032074709888547,13.14681578096162,153.91201672179045,-0.0018435195088386,-0.0004855245351791,0.0001686811447143,0.0494600050151348,0.0039104456081986,0.0027033677324652,13.14681578096162,153.91201672179045,-0.005523107945919,0.0027535855770111,0.0063318014144897,0.0535675026476383,0.0445321723818779,0.0406191907823085,13.14681578096162,153.91201672179045,0.0071006752550601,0.003380075097084,0.0049565434455871,-0.0981406942009925,-0.0390942804515361,-0.0050320499576628,13.14681578096162,153.91201672179045,0.013465192168951,-0.0098412334918975,0.0063676238059997,-0.018512150272727,-0.0060188844799995,-0.003602831158787,13.14681578096162,153.91201672179045,0.0003510415554046,-0.0023705214262008,0.0117514729499816,-0.0266012623906135,-0.001189773902297,0.0010269745253026,13.14681578096162,153.91201672179045,0.0029627904295921,-0.0065028518438339,0.0019314289093017,0.000639759004116,-0.0128885079175233,0.0056548495776951,13.14681578096162,153.91201672179045,0.0098991692066192,-0.0050327032804489,0.015426754951477,-0.0938597470521926,-0.0172358527779579,-0.0055104531347751,13.14681578096162,153.91201672179045,0.0146959982812404,0.002325415611267,0.0058048963546752,0.0732184052467346,-0.0062231486663222,-0.0078263385221362,13.14681578096162,153.91201672179045,0.0112145319581031,0.0058523565530776,0.0033279657363891,0.0358025655150413,0.0236418060958385,-0.000708807259798,13.14681578096162,153.91201672179045,0.0009598061442375,-0.0129776000976562,0.0010716319084167,-0.0473338924348354,8.56136903166771e-05,0.0012748148292303,13.14681578096162,153.91201672179045,-0.0085564404726028,-0.0016426742076873,-0.0043590068817138,-0.0131407147273421,-0.0069352779537439,-0.0175759047269821,13.14681578096162,153.91201672179045,-0.0004869177937507,-0.004140168428421,0.0083318352699279,0.0061900527216494,0.011824294924736,-0.0233995728194713,13.14681578096162,153.91201672179045,0.0042000897228717,-0.0238139182329177,0.0202988982200622,-0.0497924424707889,0.0079968003556132,-0.0113969389349222,13.14681578096162,153.91201672179045,0.0105514153838157,0.0101380348205566,-0.0048165321350097,-0.0120480991899967,-0.0183067098259925,-0.0065256170928478,13.14681578096162,153.91201672179045,0.0018526427447795,0.0112990885972976,0.0025809407234191,-0.0208660922944545,-0.026312168687582,0.0265724156051874,13.14681578096162,153.91201672179045,-0.0200585313141345,0.0084490627050399,-0.0064777135848999,0.0599432438611984,0.0098431697115302,-0.0226101446896791,13.14681578096162,153.91201672179045,-0.00336579605937,0.0011756867170333,-0.0032209753990173,0.0628323182463646,-0.041642926633358,-0.0013713351218029,13.14681578096162,153.91201672179045,0.0318149141967296,0.0059781968593597,0.02127206325531,0.1403870284557342,-0.1628274023532867,0.0722395032644271,13.14681578096162,153.91201672179045,-0.0003967434167861,-0.0075953602790832,0.0026739835739135,0.1230330243706703,-0.0730919241905212,-0.0148322163149714,13.14681578096162,153.91201672179045,0.0189137421548366,0.0383436381816864,-0.0055045485496521,0.3207360208034515,-0.046924240887165,-0.0376587696373462,13.14681578096162,153.91201672179045,-0.0206578988581895,0.0666762590408325,-0.0265294909477233,0.1338545233011245,-0.0121686551719903,0.0006165811792016,13.14681578096162,153.91201672179045,0.0004578828811645,0.0339571833610534,-0.0001484155654907,0.0768505334854126,-0.0007543470710515,-0.0522499307990074,13.14681578096162,153.91201672179045,-2.5626271963119507e-05,-0.0073356032371521,0.0209215879440307,0.014542524702847,0.0382100939750671,-0.0440922006964683,13.14681578096162,153.91201672179045,-0.0046930499374866,-0.0199653208255767,0.0025891661643981,0.0401456467807292,0.0317175760865211,-0.0141808073967695,13.14681578096162,153.91201672179045,0.0126674622297286,0.0040220618247985,0.0148890018463134,-0.0300110410898923,0.0269502513110637,0.0231142006814479,13.14681578096162,153.91201672179045,-0.0028975196182727,-0.008369505405426,0.0059609413146972,-0.1045892164111137,0.0529003590345382,0.072183646261692,13.14681578096162,153.91201672179045,-0.0047893598675727,0.0050821900367736,0.0023415088653564,-0.073689304292202,0.0107523724436759,0.0634103268384933,13.14681578096162,153.91201672179045,0.0111745111644268,0.0023669302463531,0.0121472477912902,-0.084381952881813,0.0140586867928504,0.0627944022417068,13.14681578096162,153.91201672179045,0.0020082667469978,-0.0047990381717681,-0.0019243955612182,-0.0894928500056266,0.0161093212664127,0.0391478277742862,13.14681578096162,153.91201672179045,0.0002943538129329,-0.0096396803855896,0.0127415060997009,-0.0926508009433746,0.0036891368217766,0.0335039570927619,13.14681578096162,153.91201672179045,-0.0050884410738945,-0.0111589729785919,0.0134782195091247,-0.0809069275856018,0.0208281762897968,0.0007031674031168,13.14681578096162,153.91201672179045,0.0016777850687503,0.0037454664707183,0.0018928050994873,-0.0018244106322526,9.466800838708878e-05,0.0111516136676073,13.14681578096162,153.91201672179045,0.0005586370825767,-0.0017437934875488,0.0015373826026916,-0.0207030531018972,0.0108541054651141,0.0052272453904151,13.14681578096162,153.91201672179045,0.0114934779703617,0.0024465918540954,0.0019907355308532,0.0576638430356979,-0.0885782092809677,-0.0241501163691282,13.14681578096162,153.91201672179045,0.0009442195296287,-0.010214477777481,0.0115912556648254,-0.1066770553588867,0.0047836955636739,0.0158539563417434,13.14681578096162,153.91201672179045,0.0008629076182842,-0.0102508217096328,0.0120112895965576,-0.013574942946434,0.0113281477242708,-0.0028709613252431,13.14681578096162,153.91201672179045,0.0020289458334445,-0.02591073513031,0.0160073041915893,-0.0762317180633544,0.0168605986982584,0.0013829723466187,13.14681578096162,153.91201672179045,-0.0200787298381328,-0.0035567134618759,0.0084978342056274,-0.141767993569374,0.0841360464692115,0.0018276872579008,13.14681578096162,153.91201672179045,-0.0043709017336368,-0.0069426000118255,0.0064902305603027,-0.1832976937294006,0.0441364273428916,0.0079381773248314,13.14681578096162,153.91201672179045,0.001516118645668,0.0004581362009048,0.0078270435333251,0.0058335890062153,0.0037658363580703,-0.0158810354769229,13.14681578096162,153.91201672179045,-0.0001174174249172,0.0039271861314773,-0.0024334788322448,-0.0060483706183731,0.0003335536457598,-0.017381926998496,13.14681578096162,153.91201672179045,0.0090877674520015,0.0131589621305465,0.0019868612289428,0.0192089416086673,-0.0007010847330093,-0.0104533806443214,13.14681578096162,153.91201672179045,-0.0008147880434989,-0.0049957931041717,0.0033603906631469,0.02057964541018,0.0065845255739986,-0.0063353674486279,13.14681578096162,153.91201672179045,-0.0014564990997314,0.0041506886482238,0.0093268156051635,0.0105913523584604,0.0104626212269067,-0.0282945949584245,13.14681578096162,153.91201672179045,0.0087325870990753,0.0012484341859817,0.0107377171516418,-0.0671680197119712,0.0209765136241912,-0.0029431993607431,13.14681578096162,153.91201672179045,0.0074573084712028,-0.0228783637285232,-0.0117072463035583,-0.0915667563676834,0.0992827713489532,0.0354588851332664,13.14681578096162,153.91201672179045,0.0142757296562194,0.0104057341814041,0.0013725757598876,-0.0610492266714572,-0.0131364492699503,0.0036797826178371,13.14681578096162,153.91201672179045,0.010576918721199,0.0052701085805892,0.0037899613380432,-0.0526566989719867,-0.0172326564788818,0.0249054431915283,13.14681578096162,153.91201672179045,-0.008020780980587,0.011111170053482,-0.0049962997436523,0.0488181561231613,0.0072875996120274,-0.0553238131105899,13.14681578096162,153.91201672179045,0.0103645622730255,0.0121175050735473,0.0017862319946289,0.0902684405446052,-0.0697014555335044,-0.0532479509711265,13.14681578096162,153.91201672179045,0.0020509585738182,-0.0009850561618804,0.0021982789039611,0.0222654528915882,-0.0044098030775785,-0.0127419680356979,13.14681578096162,153.91201672179045,-0.002876803278923,-0.0033749639987945,-0.0028203129768371,0.0237103775143623,0.0114626372233033,-0.0288563556969165,13.14681578096162,153.91201672179045,0.0005520060658454,0.0001218765974044,0.0039981007575988,0.0047296285629272,0.0093515496701002,-0.0105130020529031,13.14681578096162,153.91201672179045,-0.0190527811646461,0.0183203518390655,-0.0045453310012817,-0.0995639637112617,0.0246583335101604,0.0524104386568069,13.14681578096162,153.91201672179045,-0.0038018301129341,0.0114282965660095,-0.0009859800338745,0.0014601191505789,0.0117875430732965,0.0101426756009459,13.14681578096162,153.91201672179045,0.0037560611963272,0.0122159123420715,0.0001532435417175,0.0622288212180137,0.0061456370167434,-0.0043697548098862,13.14681578096162,153.91201672179045,0.0127760469913482,-0.0034685581922531,0.010520577430725,-0.0281202495098114,-0.0411885902285575,0.0056700962595641,13.14681578096162,153.91201672179045,-0.0030475854873657,0.0015708357095718,0.0043575763702392,0.0150883132591843,-0.0160733815282583,-0.0010800854070112,13.14681578096162,153.91201672179045,0.0104276239871978,0.004144474864006,-0.0018921494483947,0.0365587994456291,-0.0698031932115554,0.004843617323786,13.14681578096162,153.91201672179045,0.0003887712955474,-0.0040255039930343,0.008628487586975,0.0393571406602859,-0.0272543989121913,0.0035082416143268,13.14681578096162,153.91201672179045,0.0006876140832901,-0.0135388672351837,0.0083377361297607,-0.0056510269641876,-0.0108868759125471,0.0118898749351501,13.14681578096162,153.91201672179045,0.0023106634616851,0.0002636164426803,0.0091135501861572,0.017889080569148,0.3163072466850281,0.002592846751213,13.14681578096162,153.91201672179045,0.0062990635633468,0.0009103566408157,0.0047852993011474,-0.1480147540569305,0.0623497851192951,0.0735037997364997,13.14681578096162,153.91201672179045,-0.0064560174942016,-0.0057633072137832,0.0046792030334472,-0.033917099237442,-0.0287625472992658,-0.0218039378523826,13.14681578096162,153.91201672179045,-0.0083553344011306,-0.0102833360433578,0.0071998238563537,-0.0566617734730243,0.0037703630514442,-0.0112815238535404,13.14681578096162,153.91201672179045,0.0035793930292129,0.0002361387014389,0.0042858123779296,0.0283584184944629,-0.036407683044672,-0.0228842496871948,13.14681578096162,153.91201672179045,0.0154773220419883,-0.0013746917247772,0.0119425058364868,0.0328469909727573,-0.042076751589775,-0.0037679804954677,13.14681578096162,153.91201672179045,-0.002173900604248,-0.0080706924200057,0.0042453408241271,0.0137239759787917,-0.0110935373231768,0.0050993137992918,13.14681578096162,153.91201672179045,-0.0066012144088745,0.0021939277648925,0.0041530728340148,0.0046126889064908,-0.0116871567443013,-0.0065911971032619,13.14681578096162,153.91201672179045,0.0079429820179939,-0.0103453993797302,0.0155481100082397,-0.0670520216226577,-0.0174068287014961,0.0133496206253767,13.14681578096162,153.91201672179045,0.0094642639160156,-0.0355633795261383,-0.0013414025306701,-0.0426648929715156,0.0329136028885841,0.0640073046088218,13.14681578096162,153.91201672179045,-0.0060033202171325,-0.0022798031568527,0.0056151151657104,-0.0882486701011657,0.0140427071601152,0.0156059507280588,13.14681578096162,153.91201672179045,-0.0105343908071517,-0.0093019008636474,0.0054503083229064,-0.0614882484078407,0.0224151536822319,-0.0084836399182677,13.14681578096162,153.91201672179045,-0.003770537674427,0.0031956434249877,-0.0009228587150573,0.0355490036308765,-0.0214487053453922,-0.0059244418516755,13.14681578096162,153.91201672179045,-0.0015309453010559,-0.0133501291275024,0.0039816498756408,0.0074355867691338,-0.0312214419245719,0.0023008973803371,13.14681578096162,153.91201672179045,0.0007676929235458,0.0001530200242996,0.0060406327247619,0.0403982512652874,-0.0354273729026317,-0.0067858416587114,13.14681578096162,153.91201672179045,0.0020997785031795,0.0103803873062133,0.0003791451454162,0.0628105103969574,-0.0124144656583666,-0.0041063018143177,13.14681578096162,153.91201672179045,-0.0011433139443397,-0.0173158049583435,0.0106231570243835,-0.0447085201740264,-0.0106780836358666,-0.0001654559746384,13.14681578096162,153.91201672179045,-0.0037702023983001,0.016466274857521,0.0002219080924987,0.0755629986524581,0.0032007135450839,-0.0205517876893281,13.14681578096162,153.91201672179045,0.0030406937003135,0.0077927708625793,0.0046200156211853,0.0097000729292631,-0.0028742235153913,-0.0066523170098662,13.14681578096162,153.91201672179045,-0.0005710683763027,0.0045578479766845,0.0029119849205017,0.0144325364381074,0.0053461557254195,-0.0139892259612679,13.14681578096162,153.91201672179045,-0.0045636072754859,0.0011116564273834,0.0062397122383117,-0.0949367508292198,0.0328241176903247,-0.011362450197339,13.14681578096162,153.91201672179045,0.0044014006853103,0.0085174143314361,0.0040897130966186,-0.0097513366490602,0.0005364869721233,-0.0075301616452634,13.14681578096162,153.91201672179045,-0.0004606246948242,-0.0012075901031494,0.0059306025505065,0.0169119928032159,0.0052865007892251,-0.0015978703740984,13.14681578096162,153.91201672179045,0.0013776272535324,0.001861035823822,0.005291998386383,-0.0240004193037748,0.0070921233855187,0.0017745238728821,13.14681578096162,153.91201672179045,-0.0122622624039649,0.0153092890977859,-0.0041192770004272,0.0474214330315589,0.0491959005594253,0.0066193798556923,13.14681578096162,153.91201672179045,-0.0011565387248992,0.0224552601575851,-0.0023541450500488,-0.0080447560176253,0.0244029369205236,0.0082234013825654,13.14681578096162,153.91201672179045,0.0061109140515327,0.0027907788753509,0.0065449476242065,-0.0464876964688301,-0.0413172207772731,-0.0111387111246585,13.14681578096162,153.91201672179045,0.0031992644071578,0.0018030554056167,0.0077190399169921,0.0141056599095463,-0.0181676931679248,0.0010758766438812,13.14681578096162,153.91201672179045,-0.001383364200592,0.0019570589065551,0.0006836652755737,0.0292157959192991,-0.0092961713671684,0.0029274397529661,13.14681578096162,153.91201672179045,0.0016597621142864,0.0049124211072921,-0.0029202699661254,0.0458713918924331,-0.0114967403933405,0.0002575207035988,13.14681578096162,153.91201672179045,-0.0005411766469478,-0.0045087188482284,0.0064262747764587,-0.0049507752992212,-0.0083824386820197,0.0045073931105434,13.14681578096162,153.91201672179045,-0.0006317123770713,-0.0027297288179397,0.0039367079734802,-0.0049108015373349,-0.0149838831275701,0.0015559780877083,13.14681578096162,153.91201672179045,0.001963160932064,0.0080159604549407,0.0039814114570617,0.0358843766152858,-0.0149154402315616,0.0044719725847244,13.14681578096162,153.91201672179045,0.0035231746733188,-0.0049039721488952,0.0067008733749389,0.0092713302001357,-0.0191927440464496,0.0093923304229974,13.14681578096162,153.91201672179045,-0.0021964386105537,-0.005177229642868,0.0088469982147216,-0.0013559074141085,-0.0083952229470014,0.0010743453167378,13.14681578096162,153.91201672179045,-0.0012669526040554,-0.0049459338188171,0.0060921907424926,-0.0149118769913911,0.0004483358934521,0.0014812764711678,13.14681578096162,153.91201672179045,,,,,,,,,Relax
2023-03-03 18:29:37.614931,-0.2396649122238159,0.5071930885314941,-0.197997897863388,0.3241980373859405,0.9732829928398132,0.598153293132782,12.047698577995536,57.69409323319627,-0.0398634672164917,0.023458182811737,0.1636256575584411,0.9385562539100648,1.2873979806900024,0.3827374875545501,12.047698577995536,57.69409323319627,-0.0178917646408081,-0.0026009678840637,0.1390531063079834,1.072101593017578,0.9276763796806335,-0.0997819826006889,12.047698577995536,57.69409323319627,0.018600583076477,-0.1182402372360229,0.0599686950445175,0.8238062858581543,0.4316466152667999,-0.233555793762207,12.047698577995536,57.69409323319627,0.1360843181610107,-0.2036069631576538,0.0553224384784698,-0.6748259663581848,-0.5760948657989502,0.0380291417241096,12.047698577995536,57.69409323319627,0.1127985715866088,-0.0220616459846496,0.1292910277843475,-1.1081058979034424,-1.0358203649520874,0.9403880834579468,12.047698577995536,57.69409323319627,0.0782899856567382,0.0152975916862487,0.0076336860656738,-0.1458836793899536,-0.8256154656410217,0.6376910209655762,12.047698577995536,57.69409323319627,0.0767993927001953,-0.1646714806556701,-0.0305985063314437,0.887732744216919,-1.0767556428909302,0.7974496483802795,12.047698577995536,57.69409323319627,0.0510390400886535,0.0716174840927124,-0.0324128866195678,0.663685142993927,-0.4772138297557831,0.7041840553283691,12.047698577995536,57.69409323319627,-0.0781780481338501,0.0772636532783508,-0.0292894840240478,-0.7776844501495361,-0.8337269425392151,0.3902148902416229,12.047698577995536,57.69409323319627,-0.0656249523162841,0.0423234105110168,-0.0787291526794433,-0.3293517231941223,-0.3567753136157989,0.3574275374412536,12.047698577995536,57.69409323319627,-0.0201222896575927,0.0264132618904113,0.0137180089950561,0.3202884793281555,-0.1625434905290603,0.6383880376815796,12.047698577995536,57.69409323319627,-0.1071060299873352,-0.0036164820194244,0.0287597179412841,0.7569000124931335,0.4150764346122741,0.5558577179908752,12.047698577995536,57.69409323319627,-0.1668876409530639,0.0731423199176788,-0.0466957092285156,-1.1558111906051636,0.5607867240905762,-0.0677548050880432,12.047698577995536,57.69409323319627,0.0536913871765136,-0.0217479765415191,0.1982374191284179,-0.0494628697633743,0.0110240299254655,-0.1995240002870559,12.047698577995536,57.69409323319627,-0.0165067315101623,0.0352458953857421,0.0031377002596855,1.2992974519729614,0.5400189161300659,0.5360338091850281,12.047698577995536,57.69409323319627,0.0291374921798706,0.0499413013458251,0.1421804428100586,1.9099268913269043,0.432350754737854,0.4745144248008728,12.047698577995536,57.69409323319627,-0.0701645016670227,0.0010195076465606,0.1244487762451171,1.451387643814087,0.1755562573671341,-0.0302922241389751,12.047698577995536,57.69409323319627,0.066150426864624,0.0311848223209381,-0.0580158308148384,1.3596900701522827,-0.2349303513765335,0.153669387102127,12.047698577995536,57.69409323319627,0.0837332606315612,0.1383435726165771,0.0472213104367256,0.723785936832428,-0.621626615524292,0.4064365923404693,12.047698577995536,57.69409323319627,0.1524011492729187,0.0807591378688812,0.1528512388467788,-0.2867191135883331,-0.6973994374275208,0.218834102153778,12.047698577995536,57.69409323319627,-0.0041152834892272,0.0752981156110763,0.1723337322473526,1.319798469543457,-0.2580164968967438,0.2948094010353088,12.047698577995536,57.69409323319627,-0.1509254574775695,-0.0519242286682128,0.0792236626148223,-0.1540158987045288,-0.1727870851755142,-0.1441643387079239,12.047698577995536,57.69409323319627,0.0435106754302978,-0.0636258870363235,0.0182189047336578,0.3536794483661651,0.1393127590417862,0.0429493635892868,12.047698577995536,57.69409323319627,-0.045169174671173,-0.0361285507678985,-0.0067026615142822,0.2006921917200088,0.0742197707295417,0.073426678776741,12.047698577995536,57.69409323319627,-0.0410734415054321,0.0901112854480743,-0.0919965505599975,0.7322407364845276,0.1951147764921188,0.1281192600727081,12.047698577995536,57.69409323319627,-0.0912066102027893,0.068372443318367,-0.1462579071521759,0.3721522092819214,-0.1118736639618873,-0.0184927899390459,12.047698577995536,57.69409323319627,-0.0308275818824768,0.1407166570425033,-0.0516271293163299,0.3191661834716797,-0.2673423588275909,-0.0885065570473671,12.047698577995536,57.69409323319627,0.1587591171264648,0.1950272768735885,-0.0292275547981262,0.349354475736618,-0.0930105000734329,-0.2113930732011795,12.047698577995536,57.69409323319627,-0.221495509147644,0.2099219411611557,0.0072581470012664,1.3865439891815186,0.0814356133341789,-1.0570673942565918,12.047698577995536,57.69409323319627,0.2107639908790588,0.0977973937988281,0.2135863304138183,1.8148382902145384,-0.2788994014263153,-1.1037442684173584,12.047698577995536,57.69409323319627,0.1046629548072815,-0.022532969713211,0.2883587777614593,1.4782965183258057,-0.2638275027275085,-1.6265671253204346,12.047698577995536,57.69409323319627,0.1165043115615844,-0.216180145740509,0.3130191564559936,0.3600894212722778,-0.2253373712301254,-1.0764005184173584,12.047698577995536,57.69409323319627,0.1116895675659179,-0.2260377407073974,0.2735575437545776,0.9024370908737184,0.2782160639762878,-0.2144879400730133,12.047698577995536,57.69409323319627,0.1250060200691223,-0.2403672635555267,0.1196997761726379,-0.238499715924263,0.3300688564777374,0.8986433148384094,12.047698577995536,57.69409323319627,0.2351044416427612,-0.0176457464694976,-0.0816287994384765,-0.940256118774414,0.6041717529296875,1.8232859373092647,12.047698577995536,57.69409323319627,-0.0904025435447692,0.0325379967689514,-0.1046554446220398,-0.792731761932373,-0.2683402299880981,0.7063481211662292,12.047698577995536,57.69409323319627,-5.239248275756836e-05,0.0932374149560928,0.0533418655395507,-1.232080340385437,-0.3623690009117126,0.1924638152122497,12.047698577995536,57.69409323319627,-0.1173251271247863,0.0564792454242706,0.0672565698623657,-0.3894082605838775,0.058927372097969,0.1284008175134658,12.047698577995536,57.69409323319627,-0.0866668224334716,0.0879382938146591,-0.0950143337249755,0.3321955502033233,0.3090056478977203,0.2842364907264709,12.047698577995536,57.69409323319627,-0.1640421152114868,0.0543694645166397,-0.1896967887878418,0.5681732296943665,0.0684950426220893,-0.0973400697112083,12.047698577995536,57.69409323319627,0.0297716259956359,0.0935487449169159,-0.1425588130950927,-0.4053991734981537,-0.2075677067041397,-0.2585095167160034,12.047698577995536,57.69409323319627,0.283429205417633,0.2222296297550201,-0.157503604888916,0.1665983200073242,-0.0100090838968753,-0.0898136049509048,12.047698577995536,57.69409323319627,-0.0577350854873657,0.0788559019565582,-0.0125207304954528,1.242243409156799,0.063148483633995,-0.8756064176559448,12.047698577995536,57.69409323319627,-0.0116985440254211,-0.0184679627418518,0.1720471978187561,-0.0630349516868591,-0.2775193452835083,-1.0067788362503052,12.047698577995536,57.69409323319627,0.094674527645111,-0.035283476114273,0.187940776348114,-0.0197399128228425,-0.2719275057315826,-1.4004969596862793,12.047698577995536,57.69409323319627,0.1148254871368408,-0.0385322570800781,0.1070917546749115,0.2230136394500732,-0.3235962986946106,-1.3952925205230713,12.047698577995536,57.69409323319627,0.1214631795883178,-0.0823983550071716,-0.006658911705017,0.2511566281318664,-0.3098858296871185,-1.0314823389053345,12.047698577995536,57.69409323319627,0.2345268130302429,-0.0280763506889343,-0.0039312243461608,0.4122538566589355,-0.3306520581245422,0.0371322557330131,12.047698577995536,57.69409323319627,-0.0152505040168762,-0.1116611957550048,-0.0212772488594055,0.2446410059928894,-0.4968439638614654,-0.418115496635437,12.047698577995536,57.69409323319627,0.0606967210769653,-0.097770869731903,0.0774595737457275,-0.7963439226150513,-0.6384032368659973,-0.1892611235380172,12.047698577995536,57.69409323319627,-0.0973601639270782,-0.0776781439781189,0.0304603576660156,-0.4316080808639526,-0.1370919346809387,-0.1816737204790115,12.047698577995536,57.69409323319627,-0.1093954443931579,-0.0132690072059631,-0.0097014904022216,0.0108048655092716,0.2934741079807281,-0.0783788934350013,12.047698577995536,57.69409323319627,-0.0742429196834564,0.0578711628913879,-0.061266541481018,0.3614698052406311,0.3145271837711334,-0.2703456282615661,12.047698577995536,57.69409323319627,-0.0008215010166168,0.0333947539329528,-0.0773329138755798,0.1107000634074211,0.3053073287010193,-0.3743480145931244,12.047698577995536,57.69409323319627,-0.1540282964706421,0.0741652846336364,-0.064749002456665,0.5460607409477234,0.8362593650817871,-0.3285026848316192,12.047698577995536,57.69409323319627,-0.0092967748641967,0.159956693649292,0.1347747445106506,1.2507449388504028,0.4658834338188171,-0.453537106513977,12.047698577995536,57.69409323319627,0.0078426599502563,0.1494762897491455,0.090724766254425,0.4863570928573608,0.0388985387980937,-0.9798473715782166,12.047698577995536,57.69409323319627,0.1216242313385009,0.0815541744232177,0.1299862265586853,0.2843034267425537,-0.1828365176916122,-0.9425140619277954,12.047698577995536,57.69409323319627,0.1666246354579925,-0.0020163059234619,0.0858945846557617,0.4399524927139282,-0.2001614570617675,-0.751730740070343,12.047698577995536,57.69409323319627,0.2006194591522216,-0.0169147849082946,-0.0113112926483154,0.2935894131660461,-0.3008105754852295,-0.333284467458725,12.047698577995536,57.69409323319627,0.0773355066776275,-0.0417401790618896,-0.0633704662322998,0.6287074685096741,-0.2132370322942733,-0.1349416971206665,12.047698577995536,57.69409323319627,0.0762955695390701,-0.1047185063362121,0.0827797055244445,0.3124288618564605,-0.5075278282165527,-0.0509591847658157,12.047698577995536,57.69409323319627,-0.0242145061492919,-0.0170958042144775,0.0167639851570129,0.4055864810943603,-0.0135819818824529,0.0332667455077171,12.047698577995536,57.69409323319627,-0.1890400499105453,0.0039176940917968,-0.0290744304656982,0.7043696045875549,0.0221650972962379,-0.0276493374258279,12.047698577995536,57.69409323319627,-0.13908451795578,0.0390152633190155,-0.0408536195755004,0.4534633159637451,-0.0375078171491622,-0.0077134119346737,12.047698577995536,57.69409323319627,-0.0325007587671279,0.0185752809047698,-0.0675503611564636,0.5244131088256836,-0.2074664980173111,-0.0707242712378501,12.047698577995536,57.69409323319627,-0.0791134387254715,-0.0560366213321685,0.002041757106781,0.1817095577716827,-0.2186445742845535,-0.1375790983438491,12.047698577995536,57.69409323319627,-0.0232999771833419,-0.0847181677818298,0.0141339302062988,0.4717743396759033,0.2664728462696075,0.1298574954271316,12.047698577995536,57.69409323319627,0.1342242360115051,0.044141411781311,0.1110013127326965,0.7040674090385437,-0.0229552425444126,0.3891056180000305,12.047698577995536,57.69409323319627,0.1829816699028015,0.0033110678195953,0.0951335430145263,0.2523519694805145,-0.1091798767447471,0.314638078212738,12.047698577995536,57.69409323319627,0.149682268500328,0.0300582349300384,0.045390784740448,0.1505841314792633,-0.0915199220180511,0.2405806481838226,12.047698577995536,57.69409323319627,0.1056109964847564,0.063160628080368,0.0524972081184387,0.6889854073524475,0.0402753911912441,0.1886352300643921,12.047698577995536,57.69409323319627,0.1329073905944824,-4.193931818008423e-05,0.0999918580055236,0.1768904328346252,-0.0069174203090369,0.147945299744606,12.047698577995536,57.69409323319627,0.0997980386018753,-0.0103577747941017,0.0619311928749084,0.0735885649919509,0.0516060777008533,0.1298462897539138,12.047698577995536,57.69409323319627,0.0656095743179321,0.1430358439683914,-0.0560217499732971,0.6749618649482727,-0.0105590261518955,-0.1141717731952667,12.047698577995536,57.69409323319627,0.0995602309703826,0.0408584624528884,-0.0212345719337463,0.6231979727745056,0.1126601099967956,0.2748305201530456,12.047698577995536,57.69409323319627,0.1351847797632217,-0.1020947247743606,0.1798513531684875,-1.4999680519104004,-0.1427732557058334,-0.0403842069208622,12.047698577995536,57.69409323319627,0.1051100641489029,0.0098165199160575,0.0409298539161682,0.3765100240707397,0.2116498053073883,-0.4800521433353424,12.047698577995536,57.69409323319627,0.036514788866043,-0.0518421083688735,0.0036245584487915,-1.364941954612732,0.3611498177051544,-0.0014578797854483,12.047698577995536,57.69409323319627,0.022475779056549,0.1688342094421386,-0.0185155272483825,-1.0709322690963743,0.0887001827359199,-0.356320321559906,12.047698577995536,57.69409323319627,0.0799510478973388,0.4480699598789215,0.2141832709312439,-0.3503306210041046,0.3134944140911102,-1.596296310424805,12.047698577995536,57.69409323319627,-0.1052922457456588,0.2457364201545715,0.1540008783340454,0.1727419197559356,0.4962935149669647,-1.9874460697174072,12.047698577995536,57.69409323319627,-0.221895232796669,0.2163032591342926,0.0496745109558105,0.4518997371196747,1.162986397743225,-2.1493818759918213,12.047698577995536,57.69409323319627,-0.0221264362335205,0.1432316303253173,0.0817696452140808,0.8029271364212036,0.7722702026367188,-2.039144277572632,12.047698577995536,57.69409323319627,0.0728606581687927,0.2963561415672302,-2.03847885131836e-05,2.0109333992004395,0.7063197493553162,-2.376206398010254,12.047698577995536,57.69409323319627,0.239030584692955,0.2046087980270385,0.0294123888015747,2.557216167449951,0.2400178015232086,-2.457700252532959,12.047698577995536,57.69409323319627,0.4817675948143005,-0.0193568170070648,-0.0971025824546814,0.8515501022338867,-0.6836562156677246,-2.536543846130371,12.047698577995536,57.69409323319627,0.3895477056503296,-0.1985855847597122,0.1423186063766479,0.6794719696044922,-0.8214135766029358,-2.564151763916016,12.047698577995536,57.69409323319627,0.1761496216058731,-0.2621786296367645,0.1444729566574096,0.2070117890834808,-0.5899547338485718,-1.7720414400100708,12.047698577995536,57.69409323319627,-0.317671924829483,0.453074187040329,0.4142754673957824,-0.3887132108211517,-0.1902270466089248,-0.7836689352989197,12.047698577995536,57.69409323319627,-0.0033771768212318,-0.3104218244552612,0.1172665953636169,-0.452509194612503,-0.0202124528586864,-0.447834849357605,12.047698577995536,57.69409323319627,-0.2220045775175094,0.0369556657969951,-0.0896185040473938,-0.0491638481616973,0.2631036639213562,-0.5444876551628113,12.047698577995536,57.69409323319627,0.0020387135446071,0.4191763997077942,0.0098268389701843,0.2241149395704269,0.2673026621341705,0.1647015661001205,12.047698577995536,57.69409323319627,-0.1314768195152282,0.0952971205115318,0.0348765850067138,-0.412949800491333,0.4501103162765503,-0.0093305502086877,12.047698577995536,57.69409323319627,0.0622639283537864,-0.0293146818876266,-0.0837700963020324,-0.4745819568634033,0.3438467383384704,0.4021885991096496,12.047698577995536,57.69409323319627,0.0842797681689262,-0.0669300556182861,-0.0555804371833801,-0.0943041890859603,0.2352177053689956,0.5406082272529602,12.047698577995536,57.69409323319627,0.0208931267261505,0.0790468454360961,-0.0785807371139526,0.589697003364563,0.7001584768295288,0.9937049746513368,12.047698577995536,57.69409323319627,0.0305868685245513,-0.2797722220420837,0.0125922560691833,0.4677762985229492,1.2825357913970947,3.052978992462158,12.047698577995536,57.69409323319627,,,,,,,,,Hobby
